1, 1
(1, [0])
[0.5 0.5]

1, 1
(1, [1])
[0.5 0.5]

1, 1
(2, [0])
[0.5 0.5]

1, 1
(2, [1])
[0.5 0.5]

1, 1
(0, [0])
[0. 1.]

1, 1
(0, [1])
[0. 1.]

1, 1
(2, [0])
[0.5 0.5]

1, 1
(2, [1])
[0.5 0.5]

1, 1
(1, [0])
[0.5 0.5]

1, 1
(1, [1])
[0.5 0.5]

1, 1
(0, [0])
[0. 1.]

1, 1
(0, [1])
[0. 1.]

1, 1
(1, [0])
[0.5 0.5]

1, 1
(1, [1])
[0.5 0.5]

1, 1
(1, [0])
[0.5 0.5]

1, 1
(1, [1])
[0.5 0.5]

1, 1
(1, [0])
[0.5 0.5]

1, 1
(1, [1])
[0.5 0.5]

1, 1
(1, [0])
[0.5 0.5]

1, 1
(1, [1])
[0.5 0.5]

0, 1
(1, [])
[0.5 0.5]

0, 1
(0, [])
[0.5 0.5]

0, 1
(0, [0, 1])
[0.5 0.5]

0, 1
(0, [])
[0.5 0.5]

0, 1
(1, [])
[0.5 0.5]

0, 1
(1, [])
[0.5 0.5]

0, 1
(1, [0, 1])
[0.5 0.5]

0, 1
(1, [])
[0.5 0.5]

0, 1
(2, [])
[0.5 0.5]

0, 1
(2, [0, 1])
[0.5 0.5]

0, 1
(2, [])
[0.5 0.5]

0, 1
(1, [])
[0.5 0.5]

0, 1
(1, [0, 1])
[0.5 0.5]

0, 1
(2, [])
[0.5 0.5]

0, 1
(2, [0, 1])
[0.5 0.5]

1, 2
(1, [0])
[0. 1.]

1, 2
(1, [1])
[0. 1.]

1, 2
(2, [0])
[0. 1.]

1, 2
(2, [1])
[0. 1.]

1, 2
(2, [0])
[0. 1.]

1, 2
(2, [1])
[0. 1.]

1, 2
(1, [0])
[0. 1.]

1, 2
(1, [1])
[0. 1.]

1, 2
(2, [0])
[0. 1.]

1, 2
(2, [1])
[0. 1.]

1, 2
(0, [0])
[0. 1.]

1, 2
(0, [1])
[0. 1.]

1, 2
(2, [0])
[0. 1.]

1, 2
(2, [1])
[0. 1.]

1, 2
(0, [0])
[0. 1.]

1, 2
(0, [1])
[0. 1.]

1, 2
(0, [0])
[0. 1.]

1, 2
(0, [1])
[0. 1.]

1, 2
(0, [0])
[0. 1.]

1, 2
(0, [1])
[0. 1.]

0, 2
(0, [])
[1. 0.]

0, 2
(0, [0, 1])
[1. 0.]

0, 2
(1, [])
[1. 0.]

0, 2
(1, [0, 1])
[0.5 0.5]

0, 2
(0, [])
[1. 0.]

0, 2
(0, [0, 1])
[1. 0.]

0, 2
(2, [])
[1. 0.]

0, 2
(2, [0, 1])
[0.5 0.5]

0, 2
(0, [])
[1. 0.]

0, 2
(0, [0, 1])
[1. 0.]

0, 2
(1, [])
[1. 0.]

0, 2
(1, [0, 1])
[0.5 0.5]

0, 2
(0, [])
[1. 0.]

0, 2
(0, [0, 1])
[1. 0.]

0, 2
(1, [])
[1. 0.]

0, 2
(1, [0, 1])
[0.5 0.5]

0, 2
(1, [])
[1. 0.]

0, 2
(1, [0, 1])
[0.5 0.5]

0, 2
(0, [])
[1. 0.]

0, 2
(0, [0, 1])
[1. 0.]

1, 3
(2, [0])
[0.5 0.5]

1, 3
(2, [1])
[0.5 0.5]

1, 3
(1, [0])
[0.5 0.5]

1, 3
(1, [1])
[1. 0.]

1, 3
(2, [0])
[0.5 0.5]

1, 3
(2, [1])
[0.5 0.5]

1, 3
(0, [0])
[1. 0.]

1, 3
(0, [1])
[1. 0.]

1, 3
(1, [0])
[0.5 0.5]

1, 3
(1, [1])
[1. 0.]

1, 3
(1, [0])
[0.5 0.5]

1, 3
(1, [1])
[1. 0.]

1, 3
(2, [0])
[0.5 0.5]

1, 3
(2, [1])
[0.5 0.5]

1, 3
(2, [0])
[0.5 0.5]

1, 3
(2, [1])
[0.5 0.5]

1, 3
(1, [0])
[0.5 0.5]

1, 3
(1, [1])
[1. 0.]

1, 3
(0, [0])
[1. 0.]

1, 3
(0, [1])
[1. 0.]

0, 3
(0, [])
[0.5 0.5]

0, 3
(0, [0, 1])
[0.5 0.5]

0, 3
(1, [])
[0.5 0.5]

0, 3
(2, [])
[0.5 0.5]

0, 3
(2, [0, 1])
[0.5 0.5]

0, 3
(0, [])
[0.5 0.5]

0, 3
(1, [])
[0.5 0.5]

0, 3
(1, [0, 1])
[0.5 0.5]

0, 3
(1, [])
[0.5 0.5]

0, 3
(0, [])
[0.5 0.5]

0, 3
(0, [0, 1])
[0.5 0.5]

0, 3
(1, [])
[0.5 0.5]

0, 3
(0, [])
[0.5 0.5]

0, 3
(2, [])
[0.5 0.5]

1, 4
(1, [0])
[1. 0.]

1, 4
(1, [1])
[1. 0.]

1, 4
(2, [0])
[1. 0.]

1, 4
(2, [1])
[1. 0.]

1, 4
(2, [0])
[1. 0.]

1, 4
(2, [1])
[1. 0.]

1, 4
(2, [0])
[1. 0.]

1, 4
(2, [1])
[1. 0.]

1, 4
(0, [0])
[1. 0.]

1, 4
(0, [1])
[1. 0.]

1, 4
(0, [0])
[1. 0.]

1, 4
(0, [1])
[1. 0.]

1, 4
(0, [0])
[1. 0.]

1, 4
(0, [1])
[1. 0.]

1, 4
(1, [0])
[1. 0.]

1, 4
(1, [1])
[1. 0.]

1, 4
(2, [0])
[1. 0.]

1, 4
(2, [1])
[1. 0.]

1, 4
(2, [0])
[1. 0.]

1, 4
(2, [1])
[1. 0.]

0, 4
(2, [])
[0. 1.]

0, 4
(1, [])
[0. 1.]

0, 4
(1, [])
[0. 1.]

0, 4
(2, [])
[0. 1.]

0, 4
(1, [])
[0. 1.]

0, 4
(0, [])
[0.5 0.5]

0, 4
(1, [])
[0. 1.]

0, 4
(1, [])
[0. 1.]

0, 4
(1, [])
[0. 1.]

0, 4
(1, [])
[0. 1.]

1, 5
(0, [0])
[0.53214803 0.46785197]

1, 5
(0, [1])
[0.34960068 0.65039932]

1, 5
(2, [0])
[0. 1.]

1, 5
(2, [1])
[0. 1.]

1, 5
(0, [0])
[0.53214803 0.46785197]

1, 5
(0, [1])
[0.34960068 0.65039932]

1, 5
(0, [0])
[0.53214803 0.46785197]

1, 5
(0, [1])
[0.34960068 0.65039932]

1, 5
(0, [0])
[0.53214803 0.46785197]

1, 5
(0, [1])
[0.34960068 0.65039932]

1, 5
(0, [0])
[0.53214803 0.46785197]

1, 5
(0, [1])
[0.34960068 0.65039932]

1, 5
(2, [0])
[0. 1.]

1, 5
(2, [1])
[0. 1.]

1, 5
(2, [0])
[0. 1.]

1, 5
(2, [1])
[0. 1.]

1, 5
(2, [0])
[0. 1.]

1, 5
(2, [1])
[0. 1.]

1, 5
(1, [0])
[0. 1.]

1, 5
(1, [1])
[0. 1.]

0, 5
(0, [])
[1. 0.]

0, 5
(0, [0, 1])
[0.99338433 0.00661567]

0, 5
(2, [])
[1. 0.]

0, 5
(2, [0, 1])
[1. 0.]

0, 5
(1, [])
[1. 0.]

0, 5
(1, [0, 1])
[1. 0.]

0, 5
(2, [])
[1. 0.]

0, 5
(2, [0, 1])
[1. 0.]

0, 5
(1, [])
[1. 0.]

0, 5
(1, [0, 1])
[1. 0.]

0, 5
(1, [])
[1. 0.]

0, 5
(1, [0, 1])
[1. 0.]

0, 5
(0, [])
[1. 0.]

0, 5
(0, [0, 1])
[0.99338433 0.00661567]

0, 5
(1, [])
[1. 0.]

0, 5
(1, [0, 1])
[1. 0.]

0, 5
(0, [])
[1. 0.]

0, 5
(0, [0, 1])
[0.99338433 0.00661567]

0, 5
(2, [])
[1. 0.]

0, 5
(2, [0, 1])
[1. 0.]

1, 6
(1, [0])
[1. 0.]

1, 6
(1, [1])
[1. 0.]

1, 6
(2, [0])
[1. 0.]

1, 6
(2, [1])
[1. 0.]

1, 6
(1, [0])
[1. 0.]

1, 6
(1, [1])
[1. 0.]

1, 6
(1, [0])
[1. 0.]

1, 6
(1, [1])
[1. 0.]

1, 6
(1, [0])
[1. 0.]

1, 6
(1, [1])
[1. 0.]

1, 6
(1, [0])
[1. 0.]

1, 6
(1, [1])
[1. 0.]

1, 6
(1, [0])
[1. 0.]

1, 6
(1, [1])
[1. 0.]

1, 6
(2, [0])
[1. 0.]

1, 6
(2, [1])
[1. 0.]

1, 6
(2, [0])
[1. 0.]

1, 6
(2, [1])
[1. 0.]

1, 6
(1, [0])
[1. 0.]

1, 6
(1, [1])
[1. 0.]

0, 6
(2, [])
[0. 1.]

0, 6
(1, [])
[0.5 0.5]

0, 6
(1, [0, 1])
[0.5 0.5]

0, 6
(1, [])
[0.5 0.5]

0, 6
(2, [])
[0. 1.]

0, 6
(0, [])
[0.5 0.5]

0, 6
(1, [])
[0.5 0.5]

0, 6
(2, [])
[0. 1.]

0, 6
(1, [])
[0.5 0.5]

0, 6
(1, [0, 1])
[0.5 0.5]

0, 6
(2, [])
[0. 1.]

0, 6
(1, [])
[0.5 0.5]

0, 6
(1, [0, 1])
[0.5 0.5]

1, 7
(1, [0])
[0.5 0.5]

1, 7
(1, [1])
[0.5 0.5]

1, 7
(0, [0])
[0.5 0.5]

1, 7
(0, [1])
[0.5 0.5]

1, 7
(1, [0])
[0.5 0.5]

1, 7
(1, [1])
[0.5 0.5]

1, 7
(1, [0])
[0.5 0.5]

1, 7
(1, [1])
[0.5 0.5]

1, 7
(2, [0])
[0.5 0.5]

1, 7
(2, [1])
[0.5 0.5]

1, 7
(2, [0])
[0.5 0.5]

1, 7
(2, [1])
[0.5 0.5]

1, 7
(2, [0])
[0.5 0.5]

1, 7
(2, [1])
[0.5 0.5]

1, 7
(2, [0])
[0.5 0.5]

1, 7
(2, [1])
[0.5 0.5]

1, 7
(1, [0])
[0.5 0.5]

1, 7
(1, [1])
[0.5 0.5]

1, 7
(0, [0])
[0.5 0.5]

1, 7
(0, [1])
[0.5 0.5]

0, 7
(2, [])
[0.5 0.5]

0, 7
(2, [0, 1])
[0.5 0.5]

0, 7
(0, [])
[1. 0.]

0, 7
(0, [0, 1])
[0.43668887 0.56331113]

0, 7
(1, [])
[0.5 0.5]

0, 7
(0, [])
[1. 0.]

0, 7
(0, [0, 1])
[0.43668887 0.56331113]

0, 7
(0, [])
[1. 0.]

0, 7
(0, [0, 1])
[0.43668887 0.56331113]

0, 7
(0, [])
[1. 0.]

0, 7
(0, [0, 1])
[0.43668887 0.56331113]

0, 7
(2, [])
[0.5 0.5]

0, 7
(2, [])
[0.5 0.5]

0, 7
(2, [0, 1])
[0.5 0.5]

0, 7
(1, [])
[0.5 0.5]

0, 7
(1, [0, 1])
[0.44421112 0.55578888]

0, 7
(2, [])
[0.5 0.5]

1, 8
(0, [0])
[1. 0.]

1, 8
(0, [1])
[1. 0.]

1, 8
(1, [0])
[0.5 0.5]

1, 8
(1, [1])
[0.5 0.5]

1, 8
(0, [0])
[1. 0.]

1, 8
(0, [1])
[1. 0.]

1, 8
(1, [0])
[0.5 0.5]

1, 8
(1, [1])
[0.5 0.5]

1, 8
(2, [0])
[0. 1.]

1, 8
(2, [1])
[0.5 0.5]

1, 8
(1, [0])
[0.5 0.5]

1, 8
(1, [1])
[0.5 0.5]

1, 8
(0, [0])
[1. 0.]

1, 8
(0, [1])
[1. 0.]

1, 8
(0, [0])
[1. 0.]

1, 8
(0, [1])
[1. 0.]

1, 8
(2, [0])
[0. 1.]

1, 8
(2, [1])
[0.5 0.5]

1, 8
(2, [0])
[0. 1.]

1, 8
(2, [1])
[0.5 0.5]

0, 8
(0, [])
[0.42633353 0.57366647]

0, 8
(2, [])
[0.57855214 0.42144786]

0, 8
(2, [0, 1])
[0.56214915 0.43785085]

0, 8
(0, [])
[0.42633353 0.57366647]

0, 8
(0, [])
[0.42633353 0.57366647]

0, 8
(0, [0, 1])
[0.48289585 0.51710415]

0, 8
(2, [])
[0.57855214 0.42144786]

0, 8
(2, [])
[0.57855214 0.42144786]

0, 8
(2, [0, 1])
[0.56214915 0.43785085]

0, 8
(1, [])
[0.55185546 0.44814454]

0, 8
(0, [])
[0.42633353 0.57366647]

0, 8
(0, [0, 1])
[0.48289585 0.51710415]

0, 8
(2, [])
[0.57855214 0.42144786]

0, 8
(2, [])
[0.57855214 0.42144786]

0, 8
(2, [0, 1])
[0.56214915 0.43785085]

1, 9
(0, [0])
[1. 0.]

1, 9
(0, [1])
[1. 0.]

1, 9
(2, [0])
[0.93664812 0.06335188]

1, 9
(2, [1])
[0.92252937 0.07747063]

1, 9
(0, [0])
[1. 0.]

1, 9
(0, [1])
[1. 0.]

1, 9
(1, [0])
[1. 0.]

1, 9
(1, [1])
[1. 0.]

1, 9
(2, [0])
[0.93664812 0.06335188]

1, 9
(2, [1])
[0.92252937 0.07747063]

1, 9
(0, [0])
[1. 0.]

1, 9
(0, [1])
[1. 0.]

1, 9
(1, [0])
[1. 0.]

1, 9
(1, [1])
[1. 0.]

1, 9
(2, [0])
[0.93664812 0.06335188]

1, 9
(2, [1])
[0.92252937 0.07747063]

1, 9
(2, [0])
[0.93664812 0.06335188]

1, 9
(2, [1])
[0.92252937 0.07747063]

1, 9
(2, [0])
[0.93664812 0.06335188]

1, 9
(2, [1])
[0.92252937 0.07747063]

0, 9
(1, [])
[0. 1.]

0, 9
(2, [])
[0. 1.]

0, 9
(1, [])
[0. 1.]

0, 9
(1, [])
[0. 1.]

0, 9
(0, [])
[0.5 0.5]

0, 9
(0, [0, 1])
[1. 0.]

0, 9
(1, [])
[0. 1.]

0, 9
(2, [])
[0. 1.]

0, 9
(0, [])
[0.5 0.5]

0, 9
(1, [])
[0. 1.]

0, 9
(1, [])
[0. 1.]

1, 10
(1, [0])
[0. 1.]

1, 10
(1, [1])
[0. 1.]

1, 10
(1, [0])
[0. 1.]

1, 10
(1, [1])
[0. 1.]

1, 10
(2, [0])
[0. 1.]

1, 10
(2, [1])
[0. 1.]

1, 10
(2, [0])
[0. 1.]

1, 10
(2, [1])
[0. 1.]

1, 10
(0, [0])
[0. 1.]

1, 10
(0, [1])
[0. 1.]

1, 10
(2, [0])
[0. 1.]

1, 10
(2, [1])
[0. 1.]

1, 10
(1, [0])
[0. 1.]

1, 10
(1, [1])
[0. 1.]

1, 10
(2, [0])
[0. 1.]

1, 10
(2, [1])
[0. 1.]

1, 10
(1, [0])
[0. 1.]

1, 10
(1, [1])
[0. 1.]

1, 10
(1, [0])
[0. 1.]

1, 10
(1, [1])
[0. 1.]

0, 10
(1, [])
[0. 1.]

0, 10
(0, [])
[0. 1.]

0, 10
(2, [])
[0. 1.]

0, 10
(2, [])
[0. 1.]

0, 10
(0, [])
[0. 1.]

0, 10
(0, [])
[0. 1.]

0, 10
(2, [])
[0. 1.]

0, 10
(2, [])
[0. 1.]

0, 10
(1, [])
[0. 1.]

0, 10
(1, [])
[0. 1.]

1, 11
(2, [0])
[1. 0.]

1, 11
(2, [1])
[1. 0.]

1, 11
(2, [0])
[1. 0.]

1, 11
(2, [1])
[1. 0.]

1, 11
(2, [0])
[1. 0.]

1, 11
(2, [1])
[1. 0.]

1, 11
(0, [0])
[1. 0.]

1, 11
(0, [1])
[1. 0.]

1, 11
(1, [0])
[1. 0.]

1, 11
(1, [1])
[1. 0.]

1, 11
(0, [0])
[1. 0.]

1, 11
(0, [1])
[1. 0.]

1, 11
(2, [0])
[1. 0.]

1, 11
(2, [1])
[1. 0.]

1, 11
(1, [0])
[1. 0.]

1, 11
(1, [1])
[1. 0.]

1, 11
(0, [0])
[1. 0.]

1, 11
(0, [1])
[1. 0.]

1, 11
(2, [0])
[1. 0.]

1, 11
(2, [1])
[1. 0.]

0, 11
(2, [])
[0.59763851 0.40236149]

0, 11
(0, [])
[0.21201954 0.78798046]

0, 11
(0, [0, 1])
[0. 1.]

0, 11
(0, [])
[0.21201954 0.78798046]

0, 11
(2, [])
[0.59763851 0.40236149]

0, 11
(2, [0, 1])
[0.10496289 0.89503711]

0, 11
(1, [])
[0.33284213 0.66715787]

0, 11
(1, [0, 1])
[0. 1.]

0, 11
(1, [])
[0.33284213 0.66715787]

0, 11
(0, [])
[0.21201954 0.78798046]

0, 11
(0, [0, 1])
[0. 1.]

0, 11
(1, [])
[0.33284213 0.66715787]

0, 11
(1, [0, 1])
[0. 1.]

0, 11
(2, [])
[0.59763851 0.40236149]

0, 11
(1, [])
[0.33284213 0.66715787]

0, 11
(1, [0, 1])
[0. 1.]

1, 12
(2, [0])
[0.5 0.5]

1, 12
(2, [1])
[0.5 0.5]

1, 12
(2, [0])
[0.5 0.5]

1, 12
(2, [1])
[0.5 0.5]

1, 12
(1, [0])
[0.5 0.5]

1, 12
(1, [1])
[0.5 0.5]

1, 12
(0, [0])
[0. 1.]

1, 12
(0, [1])
[0. 1.]

1, 12
(0, [0])
[0. 1.]

1, 12
(0, [1])
[0. 1.]

1, 12
(2, [0])
[0.5 0.5]

1, 12
(2, [1])
[0.5 0.5]

1, 12
(1, [0])
[0.5 0.5]

1, 12
(1, [1])
[0.5 0.5]

1, 12
(2, [0])
[0.5 0.5]

1, 12
(2, [1])
[0.5 0.5]

1, 12
(2, [0])
[0.5 0.5]

1, 12
(2, [1])
[0.5 0.5]

1, 12
(0, [0])
[0. 1.]

1, 12
(0, [1])
[0. 1.]

0, 12
(1, [])
[1. 0.]

0, 12
(1, [0, 1])
[1. 0.]

0, 12
(0, [])
[1. 0.]

0, 12
(0, [0, 1])
[0.5 0.5]

0, 12
(1, [])
[1. 0.]

0, 12
(1, [0, 1])
[1. 0.]

0, 12
(0, [])
[1. 0.]

0, 12
(0, [0, 1])
[0.5 0.5]

0, 12
(2, [])
[1. 0.]

0, 12
(2, [0, 1])
[1. 0.]

0, 12
(1, [])
[1. 0.]

0, 12
(1, [0, 1])
[1. 0.]

0, 12
(1, [])
[1. 0.]

0, 12
(1, [0, 1])
[1. 0.]

0, 12
(2, [])
[1. 0.]

0, 12
(2, [0, 1])
[1. 0.]

0, 12
(2, [])
[1. 0.]

0, 12
(2, [0, 1])
[1. 0.]

0, 12
(0, [])
[1. 0.]

0, 12
(0, [0, 1])
[0.5 0.5]

1, 13
(2, [0])
[0.58440563 0.41559437]

1, 13
(2, [1])
[0.55208693 0.44791307]

1, 13
(0, [0])
[1. 0.]

1, 13
(0, [1])
[1. 0.]

1, 13
(2, [0])
[0.58440563 0.41559437]

1, 13
(2, [1])
[0.55208693 0.44791307]

1, 13
(0, [0])
[1. 0.]

1, 13
(0, [1])
[1. 0.]

1, 13
(0, [0])
[1. 0.]

1, 13
(0, [1])
[1. 0.]

1, 13
(2, [0])
[0.58440563 0.41559437]

1, 13
(2, [1])
[0.55208693 0.44791307]

1, 13
(2, [0])
[0.58440563 0.41559437]

1, 13
(2, [1])
[0.55208693 0.44791307]

1, 13
(1, [0])
[0.91849731 0.08150269]

1, 13
(1, [1])
[0.72787009 0.27212991]

1, 13
(2, [0])
[0.58440563 0.41559437]

1, 13
(2, [1])
[0.55208693 0.44791307]

1, 13
(0, [0])
[1. 0.]

1, 13
(0, [1])
[1. 0.]

0, 13
(2, [])
[0.06348066 0.93651934]

0, 13
(2, [0, 1])
[0. 1.]

0, 13
(1, [])
[0.13856661 0.86143339]

0, 13
(2, [])
[0.06348066 0.93651934]

0, 13
(2, [])
[0.06348066 0.93651934]

0, 13
(0, [])
[0.28347644 0.71652356]

0, 13
(0, [0, 1])
[0. 1.]

0, 13
(1, [])
[0.13856661 0.86143339]

0, 13
(1, [0, 1])
[0. 1.]

0, 13
(1, [])
[0.13856661 0.86143339]

0, 13
(1, [0, 1])
[0. 1.]

0, 13
(0, [])
[0.28347644 0.71652356]

0, 13
(0, [])
[0.28347644 0.71652356]

0, 13
(2, [])
[0.06348066 0.93651934]

1, 14
(0, [0])
[0. 1.]

1, 14
(0, [1])
[0. 1.]

1, 14
(1, [0])
[0. 1.]

1, 14
(1, [1])
[0. 1.]

1, 14
(0, [0])
[0. 1.]

1, 14
(0, [1])
[0. 1.]

1, 14
(0, [0])
[0. 1.]

1, 14
(0, [1])
[0. 1.]

1, 14
(0, [0])
[0. 1.]

1, 14
(0, [1])
[0. 1.]

1, 14
(2, [0])
[0. 1.]

1, 14
(2, [1])
[0. 1.]

1, 14
(2, [0])
[0. 1.]

1, 14
(2, [1])
[0. 1.]

1, 14
(1, [0])
[0. 1.]

1, 14
(1, [1])
[0. 1.]

1, 14
(0, [0])
[0. 1.]

1, 14
(0, [1])
[0. 1.]

1, 14
(2, [0])
[0. 1.]

1, 14
(2, [1])
[0. 1.]

0, 14
(0, [])
[0.5 0.5]

0, 14
(0, [0, 1])
[0.5 0.5]

0, 14
(0, [])
[0.5 0.5]

0, 14
(0, [0, 1])
[0.5 0.5]

0, 14
(2, [])
[0.5 0.5]

0, 14
(2, [0, 1])
[0.5 0.5]

0, 14
(2, [])
[0.5 0.5]

0, 14
(2, [])
[0.5 0.5]

0, 14
(2, [0, 1])
[0.5 0.5]

0, 14
(0, [])
[0.5 0.5]

0, 14
(2, [])
[0.5 0.5]

0, 14
(2, [0, 1])
[0.5 0.5]

0, 14
(2, [])
[0.5 0.5]

0, 14
(2, [0, 1])
[0.5 0.5]

0, 14
(0, [])
[0.5 0.5]

0, 14
(2, [])
[0.5 0.5]

0, 14
(2, [0, 1])
[0.5 0.5]

1, 15
(1, [0])
[0. 1.]

1, 15
(1, [1])
[0. 1.]

1, 15
(0, [0])
[0. 1.]

1, 15
(0, [1])
[0. 1.]

1, 15
(0, [0])
[0. 1.]

1, 15
(0, [1])
[0. 1.]

1, 15
(1, [0])
[0. 1.]

1, 15
(1, [1])
[0. 1.]

1, 15
(0, [0])
[0. 1.]

1, 15
(0, [1])
[0. 1.]

1, 15
(2, [0])
[0. 1.]

1, 15
(2, [1])
[0. 1.]

1, 15
(0, [0])
[0. 1.]

1, 15
(0, [1])
[0. 1.]

1, 15
(0, [0])
[0. 1.]

1, 15
(0, [1])
[0. 1.]

1, 15
(0, [0])
[0. 1.]

1, 15
(0, [1])
[0. 1.]

1, 15
(0, [0])
[0. 1.]

1, 15
(0, [1])
[0. 1.]

0, 15
(2, [])
[0.5 0.5]

0, 15
(2, [0, 1])
[0.5 0.5]

0, 15
(0, [])
[0.5 0.5]

0, 15
(0, [0, 1])
[0.5 0.5]

0, 15
(0, [])
[0.5 0.5]

0, 15
(0, [0, 1])
[0.5 0.5]

0, 15
(2, [])
[0.5 0.5]

0, 15
(2, [])
[0.5 0.5]

0, 15
(2, [])
[0.5 0.5]

0, 15
(1, [])
[0.5 0.5]

0, 15
(1, [0, 1])
[0.5 0.5]

0, 15
(1, [])
[0.5 0.5]

0, 15
(0, [])
[0.5 0.5]

0, 15
(0, [0, 1])
[0.5 0.5]

0, 15
(0, [])
[0.5 0.5]

1, 16
(0, [0])
[1. 0.]

1, 16
(0, [1])
[1. 0.]

1, 16
(0, [0])
[1. 0.]

1, 16
(0, [1])
[1. 0.]

1, 16
(0, [0])
[1. 0.]

1, 16
(0, [1])
[1. 0.]

1, 16
(0, [0])
[1. 0.]

1, 16
(0, [1])
[1. 0.]

1, 16
(0, [0])
[1. 0.]

1, 16
(0, [1])
[1. 0.]

1, 16
(1, [0])
[1. 0.]

1, 16
(1, [1])
[1. 0.]

1, 16
(2, [0])
[0.62395298 0.37604702]

1, 16
(2, [1])
[0.92562405 0.07437595]

1, 16
(2, [0])
[0.62395298 0.37604702]

1, 16
(2, [1])
[0.92562405 0.07437595]

1, 16
(2, [0])
[0.62395298 0.37604702]

1, 16
(2, [1])
[0.92562405 0.07437595]

1, 16
(0, [0])
[1. 0.]

1, 16
(0, [1])
[1. 0.]

0, 16
(1, [])
[0.73057814 0.26942186]

0, 16
(0, [])
[1. 0.]

0, 16
(0, [0, 1])
[0.90151779 0.09848221]

0, 16
(1, [])
[0.73057814 0.26942186]

0, 16
(1, [0, 1])
[0.37647751 0.62352249]

0, 16
(1, [])
[0.73057814 0.26942186]

0, 16
(1, [0, 1])
[0.37647751 0.62352249]

0, 16
(0, [])
[1. 0.]

0, 16
(0, [0, 1])
[0.90151779 0.09848221]

0, 16
(2, [])
[0.37685214 0.62314786]

0, 16
(2, [0, 1])
[0. 1.]

0, 16
(2, [])
[0.37685214 0.62314786]

0, 16
(0, [])
[1. 0.]

0, 16
(0, [0, 1])
[0.90151779 0.09848221]

0, 16
(0, [])
[1. 0.]

0, 16
(0, [0, 1])
[0.90151779 0.09848221]

0, 16
(1, [])
[0.73057814 0.26942186]

0, 16
(1, [0, 1])
[0.37647751 0.62352249]

1, 17
(1, [0])
[0. 1.]

1, 17
(1, [1])
[0. 1.]

1, 17
(0, [0])
[1. 0.]

1, 17
(0, [1])
[1. 0.]

1, 17
(2, [0])
[0. 1.]

1, 17
(2, [1])
[0. 1.]

1, 17
(2, [0])
[0. 1.]

1, 17
(2, [1])
[0. 1.]

1, 17
(0, [0])
[1. 0.]

1, 17
(0, [1])
[1. 0.]

1, 17
(0, [0])
[1. 0.]

1, 17
(0, [1])
[1. 0.]

1, 17
(0, [0])
[1. 0.]

1, 17
(0, [1])
[1. 0.]

1, 17
(2, [0])
[0. 1.]

1, 17
(2, [1])
[0. 1.]

1, 17
(0, [0])
[1. 0.]

1, 17
(0, [1])
[1. 0.]

1, 17
(1, [0])
[0. 1.]

1, 17
(1, [1])
[0. 1.]

0, 17
(2, [])
[0.37965163 0.62034837]

0, 17
(0, [])
[0.5 0.5]

0, 17
(0, [0, 1])
[0.5 0.5]

0, 17
(0, [])
[0.5 0.5]

0, 17
(0, [0, 1])
[0.5 0.5]

0, 17
(1, [])
[0.35270793 0.64729207]

0, 17
(1, [])
[0.35270793 0.64729207]

0, 17
(1, [])
[0.35270793 0.64729207]

0, 17
(0, [])
[0.5 0.5]

0, 17
(0, [0, 1])
[0.5 0.5]

0, 17
(2, [])
[0.37965163 0.62034837]

0, 17
(0, [])
[0.5 0.5]

0, 17
(0, [0, 1])
[0.5 0.5]

0, 17
(0, [])
[0.5 0.5]

1, 18
(1, [0])
[0.50744555 0.49255445]

1, 18
(1, [1])
[0.38737285 0.61262715]

1, 18
(1, [0])
[0.50744555 0.49255445]

1, 18
(1, [1])
[0.38737285 0.61262715]

1, 18
(1, [0])
[0.50744555 0.49255445]

1, 18
(1, [1])
[0.38737285 0.61262715]

1, 18
(0, [0])
[0.0934561 0.9065439]

1, 18
(0, [1])
[0. 1.]

1, 18
(0, [0])
[0.0934561 0.9065439]

1, 18
(0, [1])
[0. 1.]

1, 18
(2, [0])
[0.55117342 0.44882658]

1, 18
(2, [1])
[0.45560207 0.54439793]

1, 18
(0, [0])
[0.0934561 0.9065439]

1, 18
(0, [1])
[0. 1.]

1, 18
(0, [0])
[0.0934561 0.9065439]

1, 18
(0, [1])
[0. 1.]

1, 18
(1, [0])
[0.50744555 0.49255445]

1, 18
(1, [1])
[0.38737285 0.61262715]

1, 18
(2, [0])
[0.55117342 0.44882658]

1, 18
(2, [1])
[0.45560207 0.54439793]

0, 18
(0, [])
[0.5 0.5]

0, 18
(0, [0, 1])
[0.5 0.5]

0, 18
(2, [])
[1. 0.]

0, 18
(2, [0, 1])
[1. 0.]

0, 18
(2, [])
[1. 0.]

0, 18
(2, [0, 1])
[1. 0.]

0, 18
(1, [])
[0.5 0.5]

0, 18
(1, [])
[0.5 0.5]

0, 18
(1, [0, 1])
[0.5 0.5]

0, 18
(0, [])
[0.5 0.5]

0, 18
(0, [0, 1])
[0.5 0.5]

0, 18
(2, [])
[1. 0.]

0, 18
(2, [0, 1])
[1. 0.]

0, 18
(0, [])
[0.5 0.5]

0, 18
(1, [])
[0.5 0.5]

0, 18
(1, [0, 1])
[0.5 0.5]

0, 18
(1, [])
[0.5 0.5]

0, 18
(1, [0, 1])
[0.5 0.5]

1, 19
(0, [0])
[0.5 0.5]

1, 19
(0, [1])
[0.5 0.5]

1, 19
(0, [0])
[0.5 0.5]

1, 19
(0, [1])
[0.5 0.5]

1, 19
(2, [0])
[0.5 0.5]

1, 19
(2, [1])
[0.5 0.5]

1, 19
(2, [0])
[0.5 0.5]

1, 19
(2, [1])
[0.5 0.5]

1, 19
(0, [0])
[0.5 0.5]

1, 19
(0, [1])
[0.5 0.5]

1, 19
(0, [0])
[0.5 0.5]

1, 19
(0, [1])
[0.5 0.5]

1, 19
(0, [0])
[0.5 0.5]

1, 19
(0, [1])
[0.5 0.5]

1, 19
(2, [0])
[0.5 0.5]

1, 19
(2, [1])
[0.5 0.5]

1, 19
(2, [0])
[0.5 0.5]

1, 19
(2, [1])
[0.5 0.5]

1, 19
(0, [0])
[0.5 0.5]

1, 19
(0, [1])
[0.5 0.5]

0, 19
(1, [])
[1. 0.]

0, 19
(1, [0, 1])
[1. 0.]

0, 19
(1, [])
[1. 0.]

0, 19
(1, [0, 1])
[1. 0.]

0, 19
(2, [])
[0.74418197 0.25581803]

0, 19
(2, [0, 1])
[0.94364253 0.05635747]

0, 19
(0, [])
[0.5 0.5]

0, 19
(0, [0, 1])
[1. 0.]

0, 19
(1, [])
[1. 0.]

0, 19
(1, [0, 1])
[1. 0.]

0, 19
(2, [])
[0.74418197 0.25581803]

0, 19
(2, [0, 1])
[0.94364253 0.05635747]

0, 19
(2, [])
[0.74418197 0.25581803]

0, 19
(2, [])
[0.74418197 0.25581803]

0, 19
(2, [])
[0.74418197 0.25581803]

0, 19
(1, [])
[1. 0.]

0, 19
(1, [0, 1])
[1. 0.]

1, 20
(2, [0])
[0.5 0.5]

1, 20
(2, [1])
[0.5 0.5]

1, 20
(1, [0])
[0.5 0.5]

1, 20
(1, [1])
[0.5 0.5]

1, 20
(2, [0])
[0.5 0.5]

1, 20
(2, [1])
[0.5 0.5]

1, 20
(0, [0])
[0.5 0.5]

1, 20
(0, [1])
[0.5 0.5]

1, 20
(2, [0])
[0.5 0.5]

1, 20
(2, [1])
[0.5 0.5]

1, 20
(2, [0])
[0.5 0.5]

1, 20
(2, [1])
[0.5 0.5]

1, 20
(2, [0])
[0.5 0.5]

1, 20
(2, [1])
[0.5 0.5]

1, 20
(0, [0])
[0.5 0.5]

1, 20
(0, [1])
[0.5 0.5]

1, 20
(0, [0])
[0.5 0.5]

1, 20
(0, [1])
[0.5 0.5]

1, 20
(1, [0])
[0.5 0.5]

1, 20
(1, [1])
[0.5 0.5]

0, 20
(1, [])
[0.5 0.5]

0, 20
(1, [0, 1])
[1. 0.]

0, 20
(0, [])
[0.20028736 0.79971264]

0, 20
(1, [])
[0.5 0.5]

0, 20
(1, [0, 1])
[1. 0.]

0, 20
(2, [])
[0.5 0.5]

0, 20
(2, [0, 1])
[0.5 0.5]

0, 20
(0, [])
[0.20028736 0.79971264]

0, 20
(2, [])
[0.5 0.5]

0, 20
(2, [])
[0.5 0.5]

0, 20
(2, [0, 1])
[0.5 0.5]

0, 20
(1, [])
[0.5 0.5]

0, 20
(0, [])
[0.20028736 0.79971264]

0, 20
(2, [])
[0.5 0.5]

1, 21
(0, [0])
[0.87003017 0.12996983]

1, 21
(0, [1])
[0.96436829 0.03563171]

1, 21
(0, [0])
[0.87003017 0.12996983]

1, 21
(0, [1])
[0.96436829 0.03563171]

1, 21
(2, [0])
[1. 0.]

1, 21
(2, [1])
[1. 0.]

1, 21
(2, [0])
[1. 0.]

1, 21
(2, [1])
[1. 0.]

1, 21
(1, [0])
[1. 0.]

1, 21
(1, [1])
[1. 0.]

1, 21
(2, [0])
[1. 0.]

1, 21
(2, [1])
[1. 0.]

1, 21
(0, [0])
[0.87003017 0.12996983]

1, 21
(0, [1])
[0.96436829 0.03563171]

1, 21
(1, [0])
[1. 0.]

1, 21
(1, [1])
[1. 0.]

1, 21
(2, [0])
[1. 0.]

1, 21
(2, [1])
[1. 0.]

1, 21
(0, [0])
[0.87003017 0.12996983]

1, 21
(0, [1])
[0.96436829 0.03563171]

0, 21
(0, [])
[0.5 0.5]

0, 21
(2, [])
[1. 0.]

0, 21
(2, [0, 1])
[1. 0.]

0, 21
(2, [])
[1. 0.]

0, 21
(2, [0, 1])
[1. 0.]

0, 21
(0, [])
[0.5 0.5]

0, 21
(2, [])
[1. 0.]

0, 21
(2, [0, 1])
[1. 0.]

0, 21
(0, [])
[0.5 0.5]

0, 21
(1, [])
[1. 0.]

0, 21
(1, [0, 1])
[1. 0.]

0, 21
(2, [])
[1. 0.]

0, 21
(2, [0, 1])
[1. 0.]

0, 21
(2, [])
[1. 0.]

0, 21
(2, [0, 1])
[1. 0.]

0, 21
(1, [])
[1. 0.]

0, 21
(1, [0, 1])
[1. 0.]

1, 22
(2, [0])
[0.06014143 0.93985857]

1, 22
(2, [1])
[0.01939824 0.98060176]

1, 22
(2, [0])
[0.06014143 0.93985857]

1, 22
(2, [1])
[0.01939824 0.98060176]

1, 22
(1, [0])
[0.06533229 0.93466771]

1, 22
(1, [1])
[0.03995987 0.96004013]

1, 22
(2, [0])
[0.06014143 0.93985857]

1, 22
(2, [1])
[0.01939824 0.98060176]

1, 22
(2, [0])
[0.06014143 0.93985857]

1, 22
(2, [1])
[0.01939824 0.98060176]

1, 22
(1, [0])
[0.06533229 0.93466771]

1, 22
(1, [1])
[0.03995987 0.96004013]

1, 22
(0, [0])
[0.63027784 0.36972216]

1, 22
(0, [1])
[0.26951675 0.73048325]

1, 22
(0, [0])
[0.63027784 0.36972216]

1, 22
(0, [1])
[0.26951675 0.73048325]

1, 22
(0, [0])
[0.63027784 0.36972216]

1, 22
(0, [1])
[0.26951675 0.73048325]

1, 22
(0, [0])
[0.63027784 0.36972216]

1, 22
(0, [1])
[0.26951675 0.73048325]

0, 22
(0, [])
[1. 0.]

0, 22
(0, [0, 1])
[0.5 0.5]

0, 22
(2, [])
[0.6984664 0.3015336]

0, 22
(2, [0, 1])
[0.68858927 0.31141073]

0, 22
(2, [])
[0.6984664 0.3015336]

0, 22
(2, [0, 1])
[0.68858927 0.31141073]

0, 22
(0, [])
[1. 0.]

0, 22
(0, [0, 1])
[0.5 0.5]

0, 22
(2, [])
[0.6984664 0.3015336]

0, 22
(2, [0, 1])
[0.68858927 0.31141073]

0, 22
(0, [])
[1. 0.]

0, 22
(0, [0, 1])
[0.5 0.5]

0, 22
(1, [])
[0.68711256 0.31288744]

0, 22
(1, [])
[0.68711256 0.31288744]

0, 22
(1, [0, 1])
[0.67220341 0.32779659]

0, 22
(2, [])
[0.6984664 0.3015336]

0, 22
(2, [0, 1])
[0.68858927 0.31141073]

0, 22
(1, [])
[0.68711256 0.31288744]

1, 23
(1, [0])
[0.5 0.5]

1, 23
(1, [1])
[0.5 0.5]

1, 23
(0, [0])
[0. 1.]

1, 23
(0, [1])
[0.5 0.5]

1, 23
(0, [0])
[0. 1.]

1, 23
(0, [1])
[0.5 0.5]

1, 23
(1, [0])
[0.5 0.5]

1, 23
(1, [1])
[0.5 0.5]

1, 23
(1, [0])
[0.5 0.5]

1, 23
(1, [1])
[0.5 0.5]

1, 23
(1, [0])
[0.5 0.5]

1, 23
(1, [1])
[0.5 0.5]

1, 23
(0, [0])
[0. 1.]

1, 23
(0, [1])
[0.5 0.5]

1, 23
(2, [0])
[0.5 0.5]

1, 23
(2, [1])
[0.5 0.5]

1, 23
(0, [0])
[0. 1.]

1, 23
(0, [1])
[0.5 0.5]

1, 23
(1, [0])
[0.5 0.5]

1, 23
(1, [1])
[0.5 0.5]

0, 23
(0, [])
[1. 0.]

0, 23
(0, [0, 1])
[1. 0.]

0, 23
(1, [])
[1. 0.]

0, 23
(1, [0, 1])
[1. 0.]

0, 23
(1, [])
[1. 0.]

0, 23
(1, [0, 1])
[1. 0.]

0, 23
(0, [])
[1. 0.]

0, 23
(0, [0, 1])
[1. 0.]

0, 23
(1, [])
[1. 0.]

0, 23
(1, [0, 1])
[1. 0.]

0, 23
(1, [])
[1. 0.]

0, 23
(1, [0, 1])
[1. 0.]

0, 23
(2, [])
[1. 0.]

0, 23
(2, [0, 1])
[1. 0.]

0, 23
(1, [])
[1. 0.]

0, 23
(1, [0, 1])
[1. 0.]

0, 23
(1, [])
[1. 0.]

0, 23
(1, [0, 1])
[1. 0.]

0, 23
(0, [])
[1. 0.]

0, 23
(0, [0, 1])
[1. 0.]

1, 24
(2, [0])
[0.41753721 0.58246279]

1, 24
(2, [1])
[0.42259021 0.57740979]

1, 24
(0, [0])
[0.35361817 0.64638183]

1, 24
(0, [1])
[0.35009413 0.64990587]

1, 24
(2, [0])
[0.41753721 0.58246279]

1, 24
(2, [1])
[0.42259021 0.57740979]

1, 24
(2, [0])
[0.41753721 0.58246279]

1, 24
(2, [1])
[0.42259021 0.57740979]

1, 24
(0, [0])
[0.35361817 0.64638183]

1, 24
(0, [1])
[0.35009413 0.64990587]

1, 24
(0, [0])
[0.35361817 0.64638183]

1, 24
(0, [1])
[0.35009413 0.64990587]

1, 24
(1, [0])
[0.39529874 0.60470126]

1, 24
(1, [1])
[0.39957463 0.60042537]

1, 24
(0, [0])
[0.35361817 0.64638183]

1, 24
(0, [1])
[0.35009413 0.64990587]

1, 24
(2, [0])
[0.41753721 0.58246279]

1, 24
(2, [1])
[0.42259021 0.57740979]

1, 24
(0, [0])
[0.35361817 0.64638183]

1, 24
(0, [1])
[0.35009413 0.64990587]

0, 24
(1, [])
[1. 0.]

0, 24
(1, [0, 1])
[1. 0.]

0, 24
(0, [])
[1. 0.]

0, 24
(0, [0, 1])
[1. 0.]

0, 24
(1, [])
[1. 0.]

0, 24
(1, [0, 1])
[1. 0.]

0, 24
(2, [])
[1. 0.]

0, 24
(2, [0, 1])
[1. 0.]

0, 24
(2, [])
[1. 0.]

0, 24
(2, [0, 1])
[1. 0.]

0, 24
(1, [])
[1. 0.]

0, 24
(1, [0, 1])
[1. 0.]

0, 24
(0, [])
[1. 0.]

0, 24
(0, [0, 1])
[1. 0.]

0, 24
(2, [])
[1. 0.]

0, 24
(2, [0, 1])
[1. 0.]

0, 24
(0, [])
[1. 0.]

0, 24
(0, [0, 1])
[1. 0.]

0, 24
(2, [])
[1. 0.]

0, 24
(2, [0, 1])
[1. 0.]

1, 25
(0, [0])
[0.61947353 0.38052647]

1, 25
(0, [1])
[0.60886595 0.39113405]

1, 25
(0, [0])
[0.61947353 0.38052647]

1, 25
(0, [1])
[0.60886595 0.39113405]

1, 25
(1, [0])
[0.68730802 0.31269198]

1, 25
(1, [1])
[0.68690294 0.31309706]

1, 25
(2, [0])
[0.68977005 0.31022995]

1, 25
(2, [1])
[0.6923257 0.3076743]

1, 25
(1, [0])
[0.68730802 0.31269198]

1, 25
(1, [1])
[0.68690294 0.31309706]

1, 25
(1, [0])
[0.68730802 0.31269198]

1, 25
(1, [1])
[0.68690294 0.31309706]

1, 25
(0, [0])
[0.61947353 0.38052647]

1, 25
(0, [1])
[0.60886595 0.39113405]

1, 25
(1, [0])
[0.68730802 0.31269198]

1, 25
(1, [1])
[0.68690294 0.31309706]

1, 25
(2, [0])
[0.68977005 0.31022995]

1, 25
(2, [1])
[0.6923257 0.3076743]

1, 25
(2, [0])
[0.68977005 0.31022995]

1, 25
(2, [1])
[0.6923257 0.3076743]

0, 25
(2, [])
[0. 1.]

0, 25
(2, [])
[0. 1.]

0, 25
(1, [])
[0. 1.]

0, 25
(1, [])
[0. 1.]

0, 25
(2, [])
[0. 1.]

0, 25
(2, [])
[0. 1.]

0, 25
(1, [])
[0. 1.]

0, 25
(1, [])
[0. 1.]

0, 25
(2, [])
[0. 1.]

0, 25
(2, [])
[0. 1.]

1, 26
(0, [0])
[0.5 0.5]

1, 26
(0, [1])
[0.5 0.5]

1, 26
(0, [0])
[0.5 0.5]

1, 26
(0, [1])
[0.5 0.5]

1, 26
(0, [0])
[0.5 0.5]

1, 26
(0, [1])
[0.5 0.5]

1, 26
(1, [0])
[0.5 0.5]

1, 26
(1, [1])
[0.5 0.5]

1, 26
(0, [0])
[0.5 0.5]

1, 26
(0, [1])
[0.5 0.5]

1, 26
(2, [0])
[0.5 0.5]

1, 26
(2, [1])
[0.5 0.5]

1, 26
(0, [0])
[0.5 0.5]

1, 26
(0, [1])
[0.5 0.5]

1, 26
(1, [0])
[0.5 0.5]

1, 26
(1, [1])
[0.5 0.5]

1, 26
(0, [0])
[0.5 0.5]

1, 26
(0, [1])
[0.5 0.5]

1, 26
(2, [0])
[0.5 0.5]

1, 26
(2, [1])
[0.5 0.5]

0, 26
(1, [])
[1. 0.]

0, 26
(1, [0, 1])
[0.5 0.5]

0, 26
(1, [])
[1. 0.]

0, 26
(1, [0, 1])
[0.5 0.5]

0, 26
(2, [])
[1. 0.]

0, 26
(2, [0, 1])
[0.5 0.5]

0, 26
(2, [])
[1. 0.]

0, 26
(2, [0, 1])
[0.5 0.5]

0, 26
(1, [])
[1. 0.]

0, 26
(1, [0, 1])
[0.5 0.5]

0, 26
(2, [])
[1. 0.]

0, 26
(2, [0, 1])
[0.5 0.5]

0, 26
(0, [])
[1. 0.]

0, 26
(0, [0, 1])
[0.5 0.5]

0, 26
(2, [])
[1. 0.]

0, 26
(2, [0, 1])
[0.5 0.5]

0, 26
(0, [])
[1. 0.]

0, 26
(0, [0, 1])
[0.5 0.5]

0, 26
(1, [])
[1. 0.]

0, 26
(1, [0, 1])
[0.5 0.5]

1, 27
(2, [0])
[0.50898809 0.49101191]

1, 27
(2, [1])
[0.48457451 0.51542549]

1, 27
(0, [0])
[1. 0.]

1, 27
(0, [1])
[1. 0.]

1, 27
(2, [0])
[0.50898809 0.49101191]

1, 27
(2, [1])
[0.48457451 0.51542549]

1, 27
(1, [0])
[1. 0.]

1, 27
(1, [1])
[1. 0.]

1, 27
(1, [0])
[1. 0.]

1, 27
(1, [1])
[1. 0.]

1, 27
(0, [0])
[1. 0.]

1, 27
(0, [1])
[1. 0.]

1, 27
(1, [0])
[1. 0.]

1, 27
(1, [1])
[1. 0.]

1, 27
(2, [0])
[0.50898809 0.49101191]

1, 27
(2, [1])
[0.48457451 0.51542549]

1, 27
(2, [0])
[0.50898809 0.49101191]

1, 27
(2, [1])
[0.48457451 0.51542549]

1, 27
(2, [0])
[0.50898809 0.49101191]

1, 27
(2, [1])
[0.48457451 0.51542549]

0, 27
(2, [])
[0.5 0.5]

0, 27
(1, [])
[1. 0.]

0, 27
(1, [0, 1])
[1. 0.]

0, 27
(2, [])
[0.5 0.5]

0, 27
(0, [])
[0.5 0.5]

0, 27
(1, [])
[1. 0.]

0, 27
(1, [0, 1])
[1. 0.]

0, 27
(1, [])
[1. 0.]

0, 27
(1, [0, 1])
[1. 0.]

0, 27
(1, [])
[1. 0.]

0, 27
(1, [0, 1])
[1. 0.]

0, 27
(0, [])
[0.5 0.5]

0, 27
(2, [])
[0.5 0.5]

0, 27
(0, [])
[0.5 0.5]

1, 28
(0, [0])
[1. 0.]

1, 28
(0, [1])
[1. 0.]

1, 28
(2, [0])
[0.28607303 0.71392697]

1, 28
(2, [1])
[0.15839624 0.84160376]

1, 28
(1, [0])
[0.99260134 0.00739866]

1, 28
(1, [1])
[0.53230169 0.46769831]

1, 28
(1, [0])
[0.99260134 0.00739866]

1, 28
(1, [1])
[0.53230169 0.46769831]

1, 28
(2, [0])
[0.28607303 0.71392697]

1, 28
(2, [1])
[0.15839624 0.84160376]

1, 28
(2, [0])
[0.28607303 0.71392697]

1, 28
(2, [1])
[0.15839624 0.84160376]

1, 28
(1, [0])
[0.99260134 0.00739866]

1, 28
(1, [1])
[0.53230169 0.46769831]

1, 28
(1, [0])
[0.99260134 0.00739866]

1, 28
(1, [1])
[0.53230169 0.46769831]

1, 28
(1, [0])
[0.99260134 0.00739866]

1, 28
(1, [1])
[0.53230169 0.46769831]

1, 28
(1, [0])
[0.99260134 0.00739866]

1, 28
(1, [1])
[0.53230169 0.46769831]

0, 28
(0, [])
[0. 1.]

0, 28
(2, [])
[0. 1.]

0, 28
(0, [])
[0. 1.]

0, 28
(0, [])
[0. 1.]

0, 28
(0, [])
[0. 1.]

0, 28
(2, [])
[0. 1.]

0, 28
(1, [])
[0. 1.]

0, 28
(2, [])
[0. 1.]

0, 28
(1, [])
[0. 1.]

0, 28
(1, [])
[0. 1.]

1, 29
(1, [0])
[1. 0.]

1, 29
(1, [1])
[1. 0.]

1, 29
(0, [0])
[1. 0.]

1, 29
(0, [1])
[1. 0.]

1, 29
(2, [0])
[1. 0.]

1, 29
(2, [1])
[1. 0.]

1, 29
(0, [0])
[1. 0.]

1, 29
(0, [1])
[1. 0.]

1, 29
(0, [0])
[1. 0.]

1, 29
(0, [1])
[1. 0.]

1, 29
(0, [0])
[1. 0.]

1, 29
(0, [1])
[1. 0.]

1, 29
(1, [0])
[1. 0.]

1, 29
(1, [1])
[1. 0.]

1, 29
(1, [0])
[1. 0.]

1, 29
(1, [1])
[1. 0.]

1, 29
(2, [0])
[1. 0.]

1, 29
(2, [1])
[1. 0.]

1, 29
(2, [0])
[1. 0.]

1, 29
(2, [1])
[1. 0.]

0, 29
(1, [])
[0.5 0.5]

0, 29
(0, [])
[1. 0.]

0, 29
(0, [0, 1])
[1. 0.]

0, 29
(2, [])
[0.5 0.5]

0, 29
(1, [])
[0.5 0.5]

0, 29
(1, [])
[0.5 0.5]

0, 29
(1, [0, 1])
[0.5 0.5]

0, 29
(2, [])
[0.5 0.5]

0, 29
(2, [0, 1])
[0.5 0.5]

0, 29
(2, [])
[0.5 0.5]

0, 29
(2, [0, 1])
[0.5 0.5]

0, 29
(0, [])
[1. 0.]

0, 29
(0, [0, 1])
[1. 0.]

0, 29
(1, [])
[0.5 0.5]

0, 29
(1, [0, 1])
[0.5 0.5]

0, 29
(2, [])
[0.5 0.5]

0, 29
(2, [0, 1])
[0.5 0.5]

1, 30
(2, [0])
[0.5 0.5]

1, 30
(2, [1])
[0.5 0.5]

1, 30
(1, [0])
[0.5 0.5]

1, 30
(1, [1])
[0.5 0.5]

1, 30
(1, [0])
[0.5 0.5]

1, 30
(1, [1])
[0.5 0.5]

1, 30
(1, [0])
[0.5 0.5]

1, 30
(1, [1])
[0.5 0.5]

1, 30
(0, [0])
[0.5 0.5]

1, 30
(0, [1])
[0.5 0.5]

1, 30
(1, [0])
[0.5 0.5]

1, 30
(1, [1])
[0.5 0.5]

1, 30
(0, [0])
[0.5 0.5]

1, 30
(0, [1])
[0.5 0.5]

1, 30
(0, [0])
[0.5 0.5]

1, 30
(0, [1])
[0.5 0.5]

1, 30
(0, [0])
[0.5 0.5]

1, 30
(0, [1])
[0.5 0.5]

1, 30
(0, [0])
[0.5 0.5]

1, 30
(0, [1])
[0.5 0.5]

0, 30
(0, [])
[0.5 0.5]

0, 30
(0, [])
[0.5 0.5]

0, 30
(0, [0, 1])
[0.5 0.5]

0, 30
(1, [])
[1. 0.]

0, 30
(1, [0, 1])
[1. 0.]

0, 30
(2, [])
[1. 0.]

0, 30
(2, [0, 1])
[1. 0.]

0, 30
(0, [])
[0.5 0.5]

0, 30
(2, [])
[1. 0.]

0, 30
(2, [0, 1])
[1. 0.]

0, 30
(0, [])
[0.5 0.5]

0, 30
(0, [])
[0.5 0.5]

0, 30
(0, [0, 1])
[0.5 0.5]

0, 30
(1, [])
[1. 0.]

0, 30
(1, [0, 1])
[1. 0.]

0, 30
(2, [])
[1. 0.]

0, 30
(2, [0, 1])
[1. 0.]

1, 31
(2, [0])
[1. 0.]

1, 31
(2, [1])
[1. 0.]

1, 31
(1, [0])
[1. 0.]

1, 31
(1, [1])
[1. 0.]

1, 31
(0, [0])
[1. 0.]

1, 31
(0, [1])
[1. 0.]

1, 31
(0, [0])
[1. 0.]

1, 31
(0, [1])
[1. 0.]

1, 31
(2, [0])
[1. 0.]

1, 31
(2, [1])
[1. 0.]

1, 31
(2, [0])
[1. 0.]

1, 31
(2, [1])
[1. 0.]

1, 31
(2, [0])
[1. 0.]

1, 31
(2, [1])
[1. 0.]

1, 31
(2, [0])
[1. 0.]

1, 31
(2, [1])
[1. 0.]

1, 31
(2, [0])
[1. 0.]

1, 31
(2, [1])
[1. 0.]

1, 31
(0, [0])
[1. 0.]

1, 31
(0, [1])
[1. 0.]

0, 31
(1, [])
[0.5 0.5]

0, 31
(1, [0, 1])
[0.5 0.5]

0, 31
(1, [])
[0.5 0.5]

0, 31
(1, [0, 1])
[0.5 0.5]

0, 31
(1, [])
[0.5 0.5]

0, 31
(1, [0, 1])
[0.5 0.5]

0, 31
(0, [])
[0.5 0.5]

0, 31
(2, [])
[0.5 0.5]

0, 31
(0, [])
[0.5 0.5]

0, 31
(2, [])
[0.5 0.5]

0, 31
(2, [0, 1])
[0.5 0.5]

0, 31
(2, [])
[0.5 0.5]

0, 31
(1, [])
[0.5 0.5]

0, 31
(2, [])
[0.5 0.5]

0, 31
(2, [0, 1])
[0.5 0.5]

1, 32
(0, [0])
[0.41185803 0.58814197]

1, 32
(0, [1])
[0.40592978 0.59407022]

1, 32
(1, [0])
[0.41278941 0.58721059]

1, 32
(1, [1])
[0.42237738 0.57762262]

1, 32
(0, [0])
[0.41185803 0.58814197]

1, 32
(0, [1])
[0.40592978 0.59407022]

1, 32
(1, [0])
[0.41278941 0.58721059]

1, 32
(1, [1])
[0.42237738 0.57762262]

1, 32
(1, [0])
[0.41278941 0.58721059]

1, 32
(1, [1])
[0.42237738 0.57762262]

1, 32
(0, [0])
[0.41185803 0.58814197]

1, 32
(0, [1])
[0.40592978 0.59407022]

1, 32
(0, [0])
[0.41185803 0.58814197]

1, 32
(0, [1])
[0.40592978 0.59407022]

1, 32
(1, [0])
[0.41278941 0.58721059]

1, 32
(1, [1])
[0.42237738 0.57762262]

1, 32
(0, [0])
[0.41185803 0.58814197]

1, 32
(0, [1])
[0.40592978 0.59407022]

1, 32
(1, [0])
[0.41278941 0.58721059]

1, 32
(1, [1])
[0.42237738 0.57762262]

0, 32
(2, [])
[0.5 0.5]

0, 32
(2, [0, 1])
[0.5 0.5]

0, 32
(1, [])
[0.5 0.5]

0, 32
(1, [0, 1])
[0.5 0.5]

0, 32
(0, [])
[0.5 0.5]

0, 32
(1, [])
[0.5 0.5]

0, 32
(1, [])
[0.5 0.5]

0, 32
(1, [0, 1])
[0.5 0.5]

0, 32
(1, [])
[0.5 0.5]

0, 32
(1, [0, 1])
[0.5 0.5]

0, 32
(0, [])
[0.5 0.5]

0, 32
(0, [0, 1])
[0.5 0.5]

0, 32
(0, [])
[0.5 0.5]

0, 32
(0, [0, 1])
[0.5 0.5]

0, 32
(2, [])
[0.5 0.5]

0, 32
(2, [])
[0.5 0.5]

1, 33
(1, [0])
[0. 1.]

1, 33
(1, [1])
[0. 1.]

1, 33
(1, [0])
[0. 1.]

1, 33
(1, [1])
[0. 1.]

1, 33
(2, [0])
[0. 1.]

1, 33
(2, [1])
[0. 1.]

1, 33
(2, [0])
[0. 1.]

1, 33
(2, [1])
[0. 1.]

1, 33
(1, [0])
[0. 1.]

1, 33
(1, [1])
[0. 1.]

1, 33
(0, [0])
[0. 1.]

1, 33
(0, [1])
[0. 1.]

1, 33
(1, [0])
[0. 1.]

1, 33
(1, [1])
[0. 1.]

1, 33
(0, [0])
[0. 1.]

1, 33
(0, [1])
[0. 1.]

1, 33
(1, [0])
[0. 1.]

1, 33
(1, [1])
[0. 1.]

1, 33
(1, [0])
[0. 1.]

1, 33
(1, [1])
[0. 1.]

0, 33
(1, [])
[0.58952128 0.41047872]

0, 33
(0, [])
[0. 1.]

0, 33
(2, [])
[0.5 0.5]

0, 33
(0, [])
[0. 1.]

0, 33
(0, [])
[0. 1.]

0, 33
(2, [])
[0.5 0.5]

0, 33
(1, [])
[0.58952128 0.41047872]

0, 33
(0, [])
[0. 1.]

0, 33
(2, [])
[0.5 0.5]

0, 33
(2, [0, 1])
[0.5 0.5]

0, 33
(0, [])
[0. 1.]

1, 34
(1, [0])
[0.5 0.5]

1, 34
(1, [1])
[0.5 0.5]

1, 34
(2, [0])
[0.5 0.5]

1, 34
(2, [1])
[0.5 0.5]

1, 34
(2, [0])
[0.5 0.5]

1, 34
(2, [1])
[0.5 0.5]

1, 34
(0, [0])
[0. 1.]

1, 34
(0, [1])
[0.5 0.5]

1, 34
(2, [0])
[0.5 0.5]

1, 34
(2, [1])
[0.5 0.5]

1, 34
(0, [0])
[0. 1.]

1, 34
(0, [1])
[0.5 0.5]

1, 34
(0, [0])
[0. 1.]

1, 34
(0, [1])
[0.5 0.5]

1, 34
(1, [0])
[0.5 0.5]

1, 34
(1, [1])
[0.5 0.5]

1, 34
(1, [0])
[0.5 0.5]

1, 34
(1, [1])
[0.5 0.5]

1, 34
(0, [0])
[0. 1.]

1, 34
(0, [1])
[0.5 0.5]

0, 34
(2, [])
[0.5 0.5]

0, 34
(2, [])
[0.5 0.5]

0, 34
(2, [0, 1])
[1. 0.]

0, 34
(2, [])
[0.5 0.5]

0, 34
(2, [])
[0.5 0.5]

0, 34
(2, [0, 1])
[1. 0.]

0, 34
(2, [])
[0.5 0.5]

0, 34
(0, [])
[0. 1.]

0, 34
(0, [])
[0. 1.]

0, 34
(1, [])
[0.5 0.5]

0, 34
(2, [])
[0.5 0.5]

0, 34
(2, [0, 1])
[1. 0.]

0, 34
(0, [])
[0. 1.]

1, 35
(2, [0])
[0.5 0.5]

1, 35
(2, [1])
[0.5 0.5]

1, 35
(2, [0])
[0.5 0.5]

1, 35
(2, [1])
[0.5 0.5]

1, 35
(1, [0])
[1. 0.]

1, 35
(1, [1])
[1. 0.]

1, 35
(2, [0])
[0.5 0.5]

1, 35
(2, [1])
[0.5 0.5]

1, 35
(2, [0])
[0.5 0.5]

1, 35
(2, [1])
[0.5 0.5]

1, 35
(1, [0])
[1. 0.]

1, 35
(1, [1])
[1. 0.]

1, 35
(2, [0])
[0.5 0.5]

1, 35
(2, [1])
[0.5 0.5]

1, 35
(1, [0])
[1. 0.]

1, 35
(1, [1])
[1. 0.]

1, 35
(0, [0])
[0.67949776 0.32050224]

1, 35
(0, [1])
[0.66423327 0.33576673]

1, 35
(0, [0])
[0.67949776 0.32050224]

1, 35
(0, [1])
[0.66423327 0.33576673]

0, 35
(1, [])
[0.00522286 0.99477714]

0, 35
(1, [])
[0.00522286 0.99477714]

0, 35
(1, [])
[0.00522286 0.99477714]

0, 35
(1, [])
[0.00522286 0.99477714]

0, 35
(1, [])
[0.00522286 0.99477714]

0, 35
(1, [])
[0.00522286 0.99477714]

0, 35
(2, [])
[0. 1.]

0, 35
(2, [])
[0. 1.]

0, 35
(0, [])
[0. 1.]

0, 35
(1, [])
[0.00522286 0.99477714]

1, 36
(1, [0])
[0.81675581 0.18324419]

1, 36
(1, [1])
[1. 0.]

1, 36
(1, [0])
[0.81675581 0.18324419]

1, 36
(1, [1])
[1. 0.]

1, 36
(0, [0])
[1. 0.]

1, 36
(0, [1])
[1. 0.]

1, 36
(0, [0])
[1. 0.]

1, 36
(0, [1])
[1. 0.]

1, 36
(0, [0])
[1. 0.]

1, 36
(0, [1])
[1. 0.]

1, 36
(1, [0])
[0.81675581 0.18324419]

1, 36
(1, [1])
[1. 0.]

1, 36
(1, [0])
[0.81675581 0.18324419]

1, 36
(1, [1])
[1. 0.]

1, 36
(2, [0])
[0.88357682 0.11642318]

1, 36
(2, [1])
[1. 0.]

1, 36
(2, [0])
[0.88357682 0.11642318]

1, 36
(2, [1])
[1. 0.]

1, 36
(1, [0])
[0.81675581 0.18324419]

1, 36
(1, [1])
[1. 0.]

0, 36
(2, [])
[0. 1.]

0, 36
(0, [])
[0.5 0.5]

0, 36
(0, [])
[0.5 0.5]

0, 36
(0, [0, 1])
[0.5 0.5]

0, 36
(2, [])
[0. 1.]

0, 36
(0, [])
[0.5 0.5]

0, 36
(1, [])
[0. 1.]

0, 36
(1, [])
[0. 1.]

0, 36
(0, [])
[0.5 0.5]

0, 36
(2, [])
[0. 1.]

0, 36
(0, [])
[0.5 0.5]

0, 36
(0, [0, 1])
[0.5 0.5]

1, 37
(2, [0])
[1. 0.]

1, 37
(2, [1])
[1. 0.]

1, 37
(1, [0])
[1. 0.]

1, 37
(1, [1])
[1. 0.]

1, 37
(0, [0])
[1. 0.]

1, 37
(0, [1])
[0.81971736 0.18028264]

1, 37
(0, [0])
[1. 0.]

1, 37
(0, [1])
[0.81971736 0.18028264]

1, 37
(1, [0])
[1. 0.]

1, 37
(1, [1])
[1. 0.]

1, 37
(0, [0])
[1. 0.]

1, 37
(0, [1])
[0.81971736 0.18028264]

1, 37
(0, [0])
[1. 0.]

1, 37
(0, [1])
[0.81971736 0.18028264]

1, 37
(1, [0])
[1. 0.]

1, 37
(1, [1])
[1. 0.]

1, 37
(2, [0])
[1. 0.]

1, 37
(2, [1])
[1. 0.]

1, 37
(1, [0])
[1. 0.]

1, 37
(1, [1])
[1. 0.]

0, 37
(0, [])
[0.11149504 0.88850496]

0, 37
(0, [])
[0.11149504 0.88850496]

0, 37
(0, [0, 1])
[0.23800435 0.76199565]

0, 37
(2, [])
[0. 1.]

0, 37
(2, [])
[0. 1.]

0, 37
(1, [])
[0. 1.]

0, 37
(1, [])
[0. 1.]

0, 37
(1, [])
[0. 1.]

0, 37
(0, [])
[0.11149504 0.88850496]

0, 37
(1, [])
[0. 1.]

0, 37
(0, [])
[0.11149504 0.88850496]

1, 38
(0, [0])
[0. 1.]

1, 38
(0, [1])
[0.5 0.5]

1, 38
(2, [0])
[0. 1.]

1, 38
(2, [1])
[0. 1.]

1, 38
(1, [0])
[0. 1.]

1, 38
(1, [1])
[0. 1.]

1, 38
(0, [0])
[0. 1.]

1, 38
(0, [1])
[0.5 0.5]

1, 38
(2, [0])
[0. 1.]

1, 38
(2, [1])
[0. 1.]

1, 38
(0, [0])
[0. 1.]

1, 38
(0, [1])
[0.5 0.5]

1, 38
(1, [0])
[0. 1.]

1, 38
(1, [1])
[0. 1.]

1, 38
(0, [0])
[0. 1.]

1, 38
(0, [1])
[0.5 0.5]

1, 38
(0, [0])
[0. 1.]

1, 38
(0, [1])
[0.5 0.5]

1, 38
(0, [0])
[0. 1.]

1, 38
(0, [1])
[0.5 0.5]

0, 38
(1, [])
[1. 0.]

0, 38
(1, [0, 1])
[0.5 0.5]

0, 38
(2, [])
[0.5 0.5]

0, 38
(2, [0, 1])
[0.5 0.5]

0, 38
(0, [])
[1. 0.]

0, 38
(0, [0, 1])
[0.5 0.5]

0, 38
(0, [])
[1. 0.]

0, 38
(0, [0, 1])
[0.5 0.5]

0, 38
(1, [])
[1. 0.]

0, 38
(1, [0, 1])
[0.5 0.5]

0, 38
(0, [])
[1. 0.]

0, 38
(0, [0, 1])
[0.5 0.5]

0, 38
(2, [])
[0.5 0.5]

0, 38
(0, [])
[1. 0.]

0, 38
(0, [0, 1])
[0.5 0.5]

0, 38
(1, [])
[1. 0.]

0, 38
(1, [0, 1])
[0.5 0.5]

0, 38
(0, [])
[1. 0.]

0, 38
(0, [0, 1])
[0.5 0.5]

1, 39
(0, [0])
[1. 0.]

1, 39
(0, [1])
[1. 0.]

1, 39
(0, [0])
[1. 0.]

1, 39
(0, [1])
[1. 0.]

1, 39
(0, [0])
[1. 0.]

1, 39
(0, [1])
[1. 0.]

1, 39
(0, [0])
[1. 0.]

1, 39
(0, [1])
[1. 0.]

1, 39
(1, [0])
[1. 0.]

1, 39
(1, [1])
[1. 0.]

1, 39
(0, [0])
[1. 0.]

1, 39
(0, [1])
[1. 0.]

1, 39
(1, [0])
[1. 0.]

1, 39
(1, [1])
[1. 0.]

1, 39
(0, [0])
[1. 0.]

1, 39
(0, [1])
[1. 0.]

1, 39
(2, [0])
[1. 0.]

1, 39
(2, [1])
[1. 0.]

1, 39
(2, [0])
[1. 0.]

1, 39
(2, [1])
[1. 0.]

0, 39
(0, [])
[0.67815129 0.32184871]

0, 39
(0, [0, 1])
[0.55033616 0.44966384]

0, 39
(0, [])
[0.67815129 0.32184871]

0, 39
(0, [0, 1])
[0.55033616 0.44966384]

0, 39
(0, [])
[0.67815129 0.32184871]

0, 39
(0, [0, 1])
[0.55033616 0.44966384]

0, 39
(0, [])
[0.67815129 0.32184871]

0, 39
(0, [0, 1])
[0.55033616 0.44966384]

0, 39
(2, [])
[0.62315458 0.37684542]

0, 39
(2, [0, 1])
[0.64385236 0.35614764]

0, 39
(1, [])
[0.64468781 0.35531219]

0, 39
(1, [0, 1])
[0.57864035 0.42135965]

0, 39
(2, [])
[0.62315458 0.37684542]

0, 39
(2, [0, 1])
[0.64385236 0.35614764]

0, 39
(2, [])
[0.62315458 0.37684542]

0, 39
(2, [0, 1])
[0.64385236 0.35614764]

0, 39
(1, [])
[0.64468781 0.35531219]

0, 39
(1, [0, 1])
[0.57864035 0.42135965]

0, 39
(1, [])
[0.64468781 0.35531219]

1, 40
(1, [0])
[0.30466005 0.69533995]

1, 40
(1, [1])
[0.34186656 0.65813344]

1, 40
(1, [0])
[0.30466005 0.69533995]

1, 40
(1, [1])
[0.34186656 0.65813344]

1, 40
(2, [0])
[0.4222635 0.5777365]

1, 40
(2, [1])
[0.44612742 0.55387258]

1, 40
(1, [0])
[0.30466005 0.69533995]

1, 40
(1, [1])
[0.34186656 0.65813344]

1, 40
(0, [0])
[0.24145352 0.75854648]

1, 40
(0, [1])
[0.28356911 0.71643089]

1, 40
(0, [0])
[0.24145352 0.75854648]

1, 40
(0, [1])
[0.28356911 0.71643089]

1, 40
(1, [0])
[0.30466005 0.69533995]

1, 40
(1, [1])
[0.34186656 0.65813344]

1, 40
(0, [0])
[0.24145352 0.75854648]

1, 40
(0, [1])
[0.28356911 0.71643089]

1, 40
(2, [0])
[0.4222635 0.5777365]

1, 40
(2, [1])
[0.44612742 0.55387258]

1, 40
(1, [0])
[0.30466005 0.69533995]

1, 40
(1, [1])
[0.34186656 0.65813344]

0, 40
(2, [])
[0. 1.]

0, 40
(2, [])
[0. 1.]

0, 40
(0, [])
[0.58593911 0.41406089]

0, 40
(2, [])
[0. 1.]

0, 40
(1, [])
[0. 1.]

0, 40
(1, [])
[0. 1.]

0, 40
(0, [])
[0.58593911 0.41406089]

0, 40
(0, [0, 1])
[0.63127928 0.36872072]

0, 40
(2, [])
[0. 1.]

0, 40
(0, [])
[0.58593911 0.41406089]

0, 40
(0, [0, 1])
[0.63127928 0.36872072]

0, 40
(1, [])
[0. 1.]

1, 41
(2, [0])
[0.12720578 0.87279422]

1, 41
(2, [1])
[0. 1.]

1, 41
(1, [0])
[1. 0.]

1, 41
(1, [1])
[0.5 0.5]

1, 41
(0, [0])
[1. 0.]

1, 41
(0, [1])
[1. 0.]

1, 41
(2, [0])
[0.12720578 0.87279422]

1, 41
(2, [1])
[0. 1.]

1, 41
(1, [0])
[1. 0.]

1, 41
(1, [1])
[0.5 0.5]

1, 41
(2, [0])
[0.12720578 0.87279422]

1, 41
(2, [1])
[0. 1.]

1, 41
(2, [0])
[0.12720578 0.87279422]

1, 41
(2, [1])
[0. 1.]

1, 41
(1, [0])
[1. 0.]

1, 41
(1, [1])
[0.5 0.5]

1, 41
(1, [0])
[1. 0.]

1, 41
(1, [1])
[0.5 0.5]

1, 41
(1, [0])
[1. 0.]

1, 41
(1, [1])
[0.5 0.5]

0, 41
(2, [])
[0.5 0.5]

0, 41
(2, [0, 1])
[0.5 0.5]

0, 41
(1, [])
[0.5 0.5]

0, 41
(1, [0, 1])
[0.5 0.5]

0, 41
(0, [])
[0.5 0.5]

0, 41
(2, [])
[0.5 0.5]

0, 41
(2, [])
[0.5 0.5]

0, 41
(2, [])
[0.5 0.5]

0, 41
(2, [])
[0.5 0.5]

0, 41
(2, [0, 1])
[0.5 0.5]

0, 41
(0, [])
[0.5 0.5]

0, 41
(0, [])
[0.5 0.5]

0, 41
(0, [0, 1])
[0.5 0.5]

0, 41
(2, [])
[0.5 0.5]

0, 41
(2, [0, 1])
[0.5 0.5]

1, 42
(1, [0])
[0.5 0.5]

1, 42
(1, [1])
[0.5 0.5]

1, 42
(0, [0])
[0.5 0.5]

1, 42
(0, [1])
[0.5 0.5]

1, 42
(0, [0])
[0.5 0.5]

1, 42
(0, [1])
[0.5 0.5]

1, 42
(1, [0])
[0.5 0.5]

1, 42
(1, [1])
[0.5 0.5]

1, 42
(0, [0])
[0.5 0.5]

1, 42
(0, [1])
[0.5 0.5]

1, 42
(1, [0])
[0.5 0.5]

1, 42
(1, [1])
[0.5 0.5]

1, 42
(1, [0])
[0.5 0.5]

1, 42
(1, [1])
[0.5 0.5]

1, 42
(0, [0])
[0.5 0.5]

1, 42
(0, [1])
[0.5 0.5]

1, 42
(0, [0])
[0.5 0.5]

1, 42
(0, [1])
[0.5 0.5]

1, 42
(1, [0])
[0.5 0.5]

1, 42
(1, [1])
[0.5 0.5]

0, 42
(1, [])
[1. 0.]

0, 42
(1, [0, 1])
[0.80958751 0.19041249]

0, 42
(1, [])
[1. 0.]

0, 42
(1, [0, 1])
[0.80958751 0.19041249]

0, 42
(0, [])
[1. 0.]

0, 42
(0, [0, 1])
[0.78229882 0.21770118]

0, 42
(2, [])
[1. 0.]

0, 42
(2, [0, 1])
[0.68922604 0.31077396]

0, 42
(0, [])
[1. 0.]

0, 42
(0, [0, 1])
[0.78229882 0.21770118]

0, 42
(2, [])
[1. 0.]

0, 42
(2, [0, 1])
[0.68922604 0.31077396]

0, 42
(1, [])
[1. 0.]

0, 42
(1, [0, 1])
[0.80958751 0.19041249]

0, 42
(0, [])
[1. 0.]

0, 42
(0, [0, 1])
[0.78229882 0.21770118]

0, 42
(1, [])
[1. 0.]

0, 42
(1, [0, 1])
[0.80958751 0.19041249]

0, 42
(2, [])
[1. 0.]

0, 42
(2, [0, 1])
[0.68922604 0.31077396]

1, 43
(2, [0])
[0.5 0.5]

1, 43
(2, [1])
[0.5 0.5]

1, 43
(2, [0])
[0.5 0.5]

1, 43
(2, [1])
[0.5 0.5]

1, 43
(0, [0])
[0.5 0.5]

1, 43
(0, [1])
[0.5 0.5]

1, 43
(1, [0])
[0.5 0.5]

1, 43
(1, [1])
[0.5 0.5]

1, 43
(2, [0])
[0.5 0.5]

1, 43
(2, [1])
[0.5 0.5]

1, 43
(0, [0])
[0.5 0.5]

1, 43
(0, [1])
[0.5 0.5]

1, 43
(2, [0])
[0.5 0.5]

1, 43
(2, [1])
[0.5 0.5]

1, 43
(0, [0])
[0.5 0.5]

1, 43
(0, [1])
[0.5 0.5]

1, 43
(0, [0])
[0.5 0.5]

1, 43
(0, [1])
[0.5 0.5]

1, 43
(0, [0])
[0.5 0.5]

1, 43
(0, [1])
[0.5 0.5]

0, 43
(0, [])
[0.4516783 0.5483217]

0, 43
(2, [])
[0.27498101 0.72501899]

0, 43
(2, [0, 1])
[0.21095421 0.78904579]

0, 43
(1, [])
[0.22327687 0.77672313]

0, 43
(2, [])
[0.27498101 0.72501899]

0, 43
(0, [])
[0.4516783 0.5483217]

0, 43
(0, [])
[0.4516783 0.5483217]

0, 43
(0, [])
[0.4516783 0.5483217]

0, 43
(0, [0, 1])
[0.10819962 0.89180038]

0, 43
(2, [])
[0.27498101 0.72501899]

0, 43
(1, [])
[0.22327687 0.77672313]

0, 43
(0, [])
[0.4516783 0.5483217]

1, 44
(2, [0])
[1. 0.]

1, 44
(2, [1])
[1. 0.]

1, 44
(1, [0])
[1. 0.]

1, 44
(1, [1])
[1. 0.]

1, 44
(1, [0])
[1. 0.]

1, 44
(1, [1])
[1. 0.]

1, 44
(2, [0])
[1. 0.]

1, 44
(2, [1])
[1. 0.]

1, 44
(2, [0])
[1. 0.]

1, 44
(2, [1])
[1. 0.]

1, 44
(0, [0])
[1. 0.]

1, 44
(0, [1])
[1. 0.]

1, 44
(1, [0])
[1. 0.]

1, 44
(1, [1])
[1. 0.]

1, 44
(1, [0])
[1. 0.]

1, 44
(1, [1])
[1. 0.]

1, 44
(2, [0])
[1. 0.]

1, 44
(2, [1])
[1. 0.]

1, 44
(0, [0])
[1. 0.]

1, 44
(0, [1])
[1. 0.]

0, 44
(1, [])
[0. 1.]

0, 44
(1, [])
[0. 1.]

0, 44
(0, [])
[0. 1.]

0, 44
(0, [])
[0. 1.]

0, 44
(2, [])
[0.5 0.5]

0, 44
(2, [0, 1])
[0.5 0.5]

0, 44
(1, [])
[0. 1.]

0, 44
(1, [])
[0. 1.]

0, 44
(1, [])
[0. 1.]

0, 44
(2, [])
[0.5 0.5]

0, 44
(2, [0, 1])
[0.5 0.5]

0, 44
(2, [])
[0.5 0.5]

1, 45
(1, [0])
[0. 1.]

1, 45
(1, [1])
[0. 1.]

1, 45
(0, [0])
[0. 1.]

1, 45
(0, [1])
[0. 1.]

1, 45
(1, [0])
[0. 1.]

1, 45
(1, [1])
[0. 1.]

1, 45
(0, [0])
[0. 1.]

1, 45
(0, [1])
[0. 1.]

1, 45
(1, [0])
[0. 1.]

1, 45
(1, [1])
[0. 1.]

1, 45
(0, [0])
[0. 1.]

1, 45
(0, [1])
[0. 1.]

1, 45
(2, [0])
[0. 1.]

1, 45
(2, [1])
[0. 1.]

1, 45
(2, [0])
[0. 1.]

1, 45
(2, [1])
[0. 1.]

1, 45
(2, [0])
[0. 1.]

1, 45
(2, [1])
[0. 1.]

1, 45
(1, [0])
[0. 1.]

1, 45
(1, [1])
[0. 1.]

0, 45
(2, [])
[0. 1.]

0, 45
(1, [])
[0. 1.]

0, 45
(0, [])
[0.5 0.5]

0, 45
(0, [0, 1])
[0.5 0.5]

0, 45
(1, [])
[0. 1.]

0, 45
(0, [])
[0.5 0.5]

0, 45
(0, [0, 1])
[0.5 0.5]

0, 45
(1, [])
[0. 1.]

0, 45
(2, [])
[0. 1.]

0, 45
(0, [])
[0.5 0.5]

0, 45
(0, [0, 1])
[0.5 0.5]

0, 45
(1, [])
[0. 1.]

0, 45
(2, [])
[0. 1.]

1, 46
(1, [0])
[0. 1.]

1, 46
(1, [1])
[0. 1.]

1, 46
(0, [0])
[0. 1.]

1, 46
(0, [1])
[0. 1.]

1, 46
(2, [0])
[0. 1.]

1, 46
(2, [1])
[0. 1.]

1, 46
(1, [0])
[0. 1.]

1, 46
(1, [1])
[0. 1.]

1, 46
(2, [0])
[0. 1.]

1, 46
(2, [1])
[0. 1.]

1, 46
(1, [0])
[0. 1.]

1, 46
(1, [1])
[0. 1.]

1, 46
(2, [0])
[0. 1.]

1, 46
(2, [1])
[0. 1.]

1, 46
(2, [0])
[0. 1.]

1, 46
(2, [1])
[0. 1.]

1, 46
(2, [0])
[0. 1.]

1, 46
(2, [1])
[0. 1.]

1, 46
(1, [0])
[0. 1.]

1, 46
(1, [1])
[0. 1.]

0, 46
(1, [])
[0.63712654 0.36287346]

0, 46
(1, [0, 1])
[0.68888316 0.31111684]

0, 46
(1, [])
[0.63712654 0.36287346]

0, 46
(1, [0, 1])
[0.68888316 0.31111684]

0, 46
(2, [])
[0.60408569 0.39591431]

0, 46
(2, [0, 1])
[0.61262745 0.38737255]

0, 46
(0, [])
[1. 0.]

0, 46
(0, [0, 1])
[0.96981399 0.03018601]

0, 46
(0, [])
[1. 0.]

0, 46
(0, [0, 1])
[0.96981399 0.03018601]

0, 46
(2, [])
[0.60408569 0.39591431]

0, 46
(2, [0, 1])
[0.61262745 0.38737255]

0, 46
(1, [])
[0.63712654 0.36287346]

0, 46
(1, [0, 1])
[0.68888316 0.31111684]

0, 46
(1, [])
[0.63712654 0.36287346]

0, 46
(2, [])
[0.60408569 0.39591431]

0, 46
(2, [0, 1])
[0.61262745 0.38737255]

0, 46
(2, [])
[0.60408569 0.39591431]

0, 46
(2, [0, 1])
[0.61262745 0.38737255]

1, 47
(0, [0])
[0. 1.]

1, 47
(0, [1])
[0. 1.]

1, 47
(2, [0])
[1. 0.]

1, 47
(2, [1])
[0.86199113 0.13800887]

1, 47
(2, [0])
[1. 0.]

1, 47
(2, [1])
[0.86199113 0.13800887]

1, 47
(1, [0])
[1. 0.]

1, 47
(1, [1])
[0.92124414 0.07875586]

1, 47
(0, [0])
[0. 1.]

1, 47
(0, [1])
[0. 1.]

1, 47
(1, [0])
[1. 0.]

1, 47
(1, [1])
[0.92124414 0.07875586]

1, 47
(1, [0])
[1. 0.]

1, 47
(1, [1])
[0.92124414 0.07875586]

1, 47
(0, [0])
[0. 1.]

1, 47
(0, [1])
[0. 1.]

1, 47
(0, [0])
[0. 1.]

1, 47
(0, [1])
[0. 1.]

1, 47
(0, [0])
[0. 1.]

1, 47
(0, [1])
[0. 1.]

0, 47
(2, [])
[0.55145283 0.44854717]

0, 47
(2, [0, 1])
[0.56993086 0.43006914]

0, 47
(2, [])
[0.55145283 0.44854717]

0, 47
(0, [])
[1. 0.]

0, 47
(0, [0, 1])
[1. 0.]

0, 47
(0, [])
[1. 0.]

0, 47
(0, [0, 1])
[1. 0.]

0, 47
(1, [])
[0.56670912 0.43329088]

0, 47
(1, [])
[0.56670912 0.43329088]

0, 47
(1, [])
[0.56670912 0.43329088]

0, 47
(2, [])
[0.55145283 0.44854717]

0, 47
(1, [])
[0.56670912 0.43329088]

0, 47
(1, [0, 1])
[0.6497476 0.3502524]

0, 47
(0, [])
[1. 0.]

0, 47
(0, [0, 1])
[1. 0.]

1, 48
(1, [0])
[0.5 0.5]

1, 48
(1, [1])
[0.5 0.5]

1, 48
(0, [0])
[0.5 0.5]

1, 48
(0, [1])
[0.5 0.5]

1, 48
(1, [0])
[0.5 0.5]

1, 48
(1, [1])
[0.5 0.5]

1, 48
(2, [0])
[0.5 0.5]

1, 48
(2, [1])
[0.5 0.5]

1, 48
(1, [0])
[0.5 0.5]

1, 48
(1, [1])
[0.5 0.5]

1, 48
(2, [0])
[0.5 0.5]

1, 48
(2, [1])
[0.5 0.5]

1, 48
(2, [0])
[0.5 0.5]

1, 48
(2, [1])
[0.5 0.5]

1, 48
(2, [0])
[0.5 0.5]

1, 48
(2, [1])
[0.5 0.5]

1, 48
(0, [0])
[0.5 0.5]

1, 48
(0, [1])
[0.5 0.5]

1, 48
(1, [0])
[0.5 0.5]

1, 48
(1, [1])
[0.5 0.5]

0, 48
(0, [])
[0.5 0.5]

0, 48
(1, [])
[1. 0.]

0, 48
(1, [0, 1])
[1. 0.]

0, 48
(2, [])
[1. 0.]

0, 48
(2, [0, 1])
[1. 0.]

0, 48
(0, [])
[0.5 0.5]

0, 48
(0, [0, 1])
[0.5 0.5]

0, 48
(1, [])
[1. 0.]

0, 48
(1, [0, 1])
[1. 0.]

0, 48
(1, [])
[1. 0.]

0, 48
(1, [0, 1])
[1. 0.]

0, 48
(1, [])
[1. 0.]

0, 48
(1, [0, 1])
[1. 0.]

0, 48
(1, [])
[1. 0.]

0, 48
(1, [0, 1])
[1. 0.]

0, 48
(1, [])
[1. 0.]

0, 48
(1, [0, 1])
[1. 0.]

0, 48
(0, [])
[0.5 0.5]

0, 48
(0, [0, 1])
[0.5 0.5]

1, 49
(1, [0])
[0.5 0.5]

1, 49
(1, [1])
[0.5 0.5]

1, 49
(2, [0])
[0.5 0.5]

1, 49
(2, [1])
[0.5 0.5]

1, 49
(0, [0])
[0.5 0.5]

1, 49
(0, [1])
[0.5 0.5]

1, 49
(0, [0])
[0.5 0.5]

1, 49
(0, [1])
[0.5 0.5]

1, 49
(0, [0])
[0.5 0.5]

1, 49
(0, [1])
[0.5 0.5]

1, 49
(2, [0])
[0.5 0.5]

1, 49
(2, [1])
[0.5 0.5]

1, 49
(1, [0])
[0.5 0.5]

1, 49
(1, [1])
[0.5 0.5]

1, 49
(1, [0])
[0.5 0.5]

1, 49
(1, [1])
[0.5 0.5]

1, 49
(0, [0])
[0.5 0.5]

1, 49
(0, [1])
[0.5 0.5]

1, 49
(2, [0])
[0.5 0.5]

1, 49
(2, [1])
[0.5 0.5]

0, 49
(0, [])
[0.5 0.5]

0, 49
(1, [])
[0.28948668 0.71051332]

0, 49
(1, [])
[0.28948668 0.71051332]

0, 49
(2, [])
[0.33770958 0.66229042]

0, 49
(0, [])
[0.5 0.5]

0, 49
(0, [])
[0.5 0.5]

0, 49
(0, [0, 1])
[1. 0.]

0, 49
(2, [])
[0.33770958 0.66229042]

0, 49
(2, [])
[0.33770958 0.66229042]

0, 49
(2, [0, 1])
[0.53900493 0.46099507]

0, 49
(2, [])
[0.33770958 0.66229042]

0, 49
(2, [0, 1])
[0.53900493 0.46099507]

0, 49
(2, [])
[0.33770958 0.66229042]

0, 49
(2, [0, 1])
[0.53900493 0.46099507]

1, 50
(2, [0])
[0. 1.]

1, 50
(2, [1])
[0. 1.]

1, 50
(2, [0])
[0. 1.]

1, 50
(2, [1])
[0. 1.]

1, 50
(0, [0])
[1. 0.]

1, 50
(0, [1])
[1. 0.]

1, 50
(2, [0])
[0. 1.]

1, 50
(2, [1])
[0. 1.]

1, 50
(2, [0])
[0. 1.]

1, 50
(2, [1])
[0. 1.]

1, 50
(0, [0])
[1. 0.]

1, 50
(0, [1])
[1. 0.]

1, 50
(1, [0])
[0.5 0.5]

1, 50
(1, [1])
[0. 1.]

1, 50
(0, [0])
[1. 0.]

1, 50
(0, [1])
[1. 0.]

1, 50
(2, [0])
[0. 1.]

1, 50
(2, [1])
[0. 1.]

1, 50
(1, [0])
[0.5 0.5]

1, 50
(1, [1])
[0. 1.]

0, 50
(2, [])
[0.47365204 0.52634796]

0, 50
(2, [])
[0.47365204 0.52634796]

0, 50
(2, [0, 1])
[0.37169989 0.62830011]

0, 50
(0, [])
[0.4548614 0.5451386]

0, 50
(0, [])
[0.4548614 0.5451386]

0, 50
(0, [0, 1])
[0.40752962 0.59247038]

0, 50
(0, [])
[0.4548614 0.5451386]

0, 50
(0, [])
[0.4548614 0.5451386]

0, 50
(0, [0, 1])
[0.40752962 0.59247038]

0, 50
(0, [])
[0.4548614 0.5451386]

0, 50
(1, [])
[0.49290636 0.50709364]

0, 50
(1, [0, 1])
[0.38453822 0.61546178]

0, 50
(1, [])
[0.49290636 0.50709364]

0, 50
(2, [])
[0.47365204 0.52634796]

1, 51
(2, [0])
[0.37501804 0.62498196]

1, 51
(2, [1])
[0.36281131 0.63718869]

1, 51
(0, [0])
[0.57114597 0.42885403]

1, 51
(0, [1])
[0.5 0.5]

1, 51
(0, [0])
[0.57114597 0.42885403]

1, 51
(0, [1])
[0.5 0.5]

1, 51
(1, [0])
[0.36867496 0.63132504]

1, 51
(1, [1])
[0.35868785 0.64131215]

1, 51
(1, [0])
[0.36867496 0.63132504]

1, 51
(1, [1])
[0.35868785 0.64131215]

1, 51
(2, [0])
[0.37501804 0.62498196]

1, 51
(2, [1])
[0.36281131 0.63718869]

1, 51
(0, [0])
[0.57114597 0.42885403]

1, 51
(0, [1])
[0.5 0.5]

1, 51
(1, [0])
[0.36867496 0.63132504]

1, 51
(1, [1])
[0.35868785 0.64131215]

1, 51
(1, [0])
[0.36867496 0.63132504]

1, 51
(1, [1])
[0.35868785 0.64131215]

1, 51
(1, [0])
[0.36867496 0.63132504]

1, 51
(1, [1])
[0.35868785 0.64131215]

0, 51
(2, [])
[0.58920218 0.41079782]

0, 51
(2, [0, 1])
[0.59328709 0.40671291]

0, 51
(0, [])
[0.91423162 0.08576838]

0, 51
(0, [0, 1])
[0.81084164 0.18915836]

0, 51
(0, [])
[0.91423162 0.08576838]

0, 51
(0, [0, 1])
[0.81084164 0.18915836]

0, 51
(0, [])
[0.91423162 0.08576838]

0, 51
(0, [0, 1])
[0.81084164 0.18915836]

0, 51
(0, [])
[0.91423162 0.08576838]

0, 51
(0, [0, 1])
[0.81084164 0.18915836]

0, 51
(2, [])
[0.58920218 0.41079782]

0, 51
(2, [0, 1])
[0.59328709 0.40671291]

0, 51
(2, [])
[0.58920218 0.41079782]

0, 51
(2, [0, 1])
[0.59328709 0.40671291]

0, 51
(2, [])
[0.58920218 0.41079782]

0, 51
(2, [0, 1])
[0.59328709 0.40671291]

0, 51
(2, [])
[0.58920218 0.41079782]

0, 51
(0, [])
[0.91423162 0.08576838]

0, 51
(0, [0, 1])
[0.81084164 0.18915836]

1, 52
(2, [0])
[0.72126006 0.27873994]

1, 52
(2, [1])
[0.88389801 0.11610199]

1, 52
(2, [0])
[0.72126006 0.27873994]

1, 52
(2, [1])
[0.88389801 0.11610199]

1, 52
(2, [0])
[0.72126006 0.27873994]

1, 52
(2, [1])
[0.88389801 0.11610199]

1, 52
(2, [0])
[0.72126006 0.27873994]

1, 52
(2, [1])
[0.88389801 0.11610199]

1, 52
(2, [0])
[0.72126006 0.27873994]

1, 52
(2, [1])
[0.88389801 0.11610199]

1, 52
(2, [0])
[0.72126006 0.27873994]

1, 52
(2, [1])
[0.88389801 0.11610199]

1, 52
(1, [0])
[0.74953246 0.25046754]

1, 52
(1, [1])
[0.75427074 0.24572926]

1, 52
(0, [0])
[0.53003031 0.46996969]

1, 52
(0, [1])
[0.53069065 0.46930935]

1, 52
(1, [0])
[0.74953246 0.25046754]

1, 52
(1, [1])
[0.75427074 0.24572926]

1, 52
(1, [0])
[0.74953246 0.25046754]

1, 52
(1, [1])
[0.75427074 0.24572926]

0, 52
(2, [])
[0.8597769 0.1402231]

0, 52
(2, [0, 1])
[0.82559198 0.17440802]

0, 52
(2, [])
[0.8597769 0.1402231]

0, 52
(2, [0, 1])
[0.82559198 0.17440802]

0, 52
(2, [])
[0.8597769 0.1402231]

0, 52
(2, [0, 1])
[0.82559198 0.17440802]

0, 52
(2, [])
[0.8597769 0.1402231]

0, 52
(2, [0, 1])
[0.82559198 0.17440802]

0, 52
(0, [])
[1. 0.]

0, 52
(0, [0, 1])
[1. 0.]

0, 52
(0, [])
[1. 0.]

0, 52
(0, [0, 1])
[1. 0.]

0, 52
(1, [])
[0.93294776 0.06705224]

0, 52
(1, [0, 1])
[0.91887795 0.08112205]

0, 52
(1, [])
[0.93294776 0.06705224]

0, 52
(1, [0, 1])
[0.91887795 0.08112205]

0, 52
(0, [])
[1. 0.]

0, 52
(0, [0, 1])
[1. 0.]

0, 52
(0, [])
[1. 0.]

0, 52
(0, [0, 1])
[1. 0.]

1, 53
(1, [0])
[0. 1.]

1, 53
(1, [1])
[0. 1.]

1, 53
(0, [0])
[0. 1.]

1, 53
(0, [1])
[0. 1.]

1, 53
(0, [0])
[0. 1.]

1, 53
(0, [1])
[0. 1.]

1, 53
(2, [0])
[0. 1.]

1, 53
(2, [1])
[0.5 0.5]

1, 53
(0, [0])
[0. 1.]

1, 53
(0, [1])
[0. 1.]

1, 53
(2, [0])
[0. 1.]

1, 53
(2, [1])
[0.5 0.5]

1, 53
(2, [0])
[0. 1.]

1, 53
(2, [1])
[0.5 0.5]

1, 53
(0, [0])
[0. 1.]

1, 53
(0, [1])
[0. 1.]

1, 53
(1, [0])
[0. 1.]

1, 53
(1, [1])
[0. 1.]

1, 53
(0, [0])
[0. 1.]

1, 53
(0, [1])
[0. 1.]

0, 53
(1, [])
[1. 0.]

0, 53
(1, [0, 1])
[1. 0.]

0, 53
(1, [])
[1. 0.]

0, 53
(1, [0, 1])
[1. 0.]

0, 53
(0, [])
[1. 0.]

0, 53
(0, [0, 1])
[0.5 0.5]

0, 53
(0, [])
[1. 0.]

0, 53
(0, [0, 1])
[0.5 0.5]

0, 53
(2, [])
[1. 0.]

0, 53
(2, [0, 1])
[1. 0.]

0, 53
(1, [])
[1. 0.]

0, 53
(1, [0, 1])
[1. 0.]

0, 53
(2, [])
[1. 0.]

0, 53
(2, [0, 1])
[1. 0.]

0, 53
(1, [])
[1. 0.]

0, 53
(1, [0, 1])
[1. 0.]

0, 53
(2, [])
[1. 0.]

0, 53
(2, [0, 1])
[1. 0.]

0, 53
(2, [])
[1. 0.]

0, 53
(2, [0, 1])
[1. 0.]

1, 54
(2, [0])
[0.5 0.5]

1, 54
(2, [1])
[0.5 0.5]

1, 54
(0, [0])
[0.5 0.5]

1, 54
(0, [1])
[0.5 0.5]

1, 54
(0, [0])
[0.5 0.5]

1, 54
(0, [1])
[0.5 0.5]

1, 54
(1, [0])
[0.5 0.5]

1, 54
(1, [1])
[0.5 0.5]

1, 54
(0, [0])
[0.5 0.5]

1, 54
(0, [1])
[0.5 0.5]

1, 54
(1, [0])
[0.5 0.5]

1, 54
(1, [1])
[0.5 0.5]

1, 54
(0, [0])
[0.5 0.5]

1, 54
(0, [1])
[0.5 0.5]

1, 54
(0, [0])
[0.5 0.5]

1, 54
(0, [1])
[0.5 0.5]

1, 54
(0, [0])
[0.5 0.5]

1, 54
(0, [1])
[0.5 0.5]

1, 54
(0, [0])
[0.5 0.5]

1, 54
(0, [1])
[0.5 0.5]

0, 54
(0, [])
[0.5 0.5]

0, 54
(0, [0, 1])
[0.5 0.5]

0, 54
(0, [])
[0.5 0.5]

0, 54
(0, [])
[0.5 0.5]

0, 54
(1, [])
[0.5 0.5]

0, 54
(1, [0, 1])
[0.5 0.5]

0, 54
(2, [])
[0.5 0.5]

0, 54
(1, [])
[0.5 0.5]

0, 54
(1, [0, 1])
[0.5 0.5]

0, 54
(1, [])
[0.5 0.5]

0, 54
(1, [0, 1])
[0.5 0.5]

0, 54
(2, [])
[0.5 0.5]

0, 54
(2, [0, 1])
[0.5 0.5]

0, 54
(2, [])
[0.5 0.5]

0, 54
(2, [0, 1])
[0.5 0.5]

0, 54
(2, [])
[0.5 0.5]

0, 54
(2, [0, 1])
[0.5 0.5]

1, 55
(2, [0])
[0. 1.]

1, 55
(2, [1])
[0. 1.]

1, 55
(0, [0])
[0. 1.]

1, 55
(0, [1])
[0. 1.]

1, 55
(1, [0])
[0. 1.]

1, 55
(1, [1])
[0. 1.]

1, 55
(0, [0])
[0. 1.]

1, 55
(0, [1])
[0. 1.]

1, 55
(0, [0])
[0. 1.]

1, 55
(0, [1])
[0. 1.]

1, 55
(2, [0])
[0. 1.]

1, 55
(2, [1])
[0. 1.]

1, 55
(1, [0])
[0. 1.]

1, 55
(1, [1])
[0. 1.]

1, 55
(1, [0])
[0. 1.]

1, 55
(1, [1])
[0. 1.]

1, 55
(1, [0])
[0. 1.]

1, 55
(1, [1])
[0. 1.]

1, 55
(1, [0])
[0. 1.]

1, 55
(1, [1])
[0. 1.]

0, 55
(2, [])
[0.5 0.5]

0, 55
(2, [0, 1])
[0.5 0.5]

0, 55
(0, [])
[0. 1.]

0, 55
(0, [])
[0. 1.]

0, 55
(0, [])
[0. 1.]

0, 55
(2, [])
[0.5 0.5]

0, 55
(0, [])
[0. 1.]

0, 55
(0, [])
[0. 1.]

0, 55
(2, [])
[0.5 0.5]

0, 55
(2, [0, 1])
[0.5 0.5]

0, 55
(0, [])
[0. 1.]

0, 55
(1, [])
[0. 1.]

1, 56
(0, [0])
[1. 0.]

1, 56
(0, [1])
[0.5 0.5]

1, 56
(1, [0])
[0.11948652 0.88051348]

1, 56
(1, [1])
[0.20711188 0.79288812]

1, 56
(2, [0])
[0.40294039 0.59705961]

1, 56
(2, [1])
[0.35363904 0.64636096]

1, 56
(2, [0])
[0.40294039 0.59705961]

1, 56
(2, [1])
[0.35363904 0.64636096]

1, 56
(0, [0])
[1. 0.]

1, 56
(0, [1])
[0.5 0.5]

1, 56
(0, [0])
[1. 0.]

1, 56
(0, [1])
[0.5 0.5]

1, 56
(0, [0])
[1. 0.]

1, 56
(0, [1])
[0.5 0.5]

1, 56
(1, [0])
[0.11948652 0.88051348]

1, 56
(1, [1])
[0.20711188 0.79288812]

1, 56
(0, [0])
[1. 0.]

1, 56
(0, [1])
[0.5 0.5]

1, 56
(2, [0])
[0.40294039 0.59705961]

1, 56
(2, [1])
[0.35363904 0.64636096]

0, 56
(1, [])
[0.24502953 0.75497047]

0, 56
(1, [0, 1])
[0. 1.]

0, 56
(0, [])
[0.24076901 0.75923099]

0, 56
(0, [])
[0.24076901 0.75923099]

0, 56
(0, [])
[0.24076901 0.75923099]

0, 56
(1, [])
[0.24502953 0.75497047]

0, 56
(1, [0, 1])
[0. 1.]

0, 56
(0, [])
[0.24076901 0.75923099]

0, 56
(0, [])
[0.24076901 0.75923099]

0, 56
(1, [])
[0.24502953 0.75497047]

0, 56
(0, [])
[0.24076901 0.75923099]

0, 56
(2, [])
[0. 1.]

1, 57
(1, [0])
[0.31036264 0.68963736]

1, 57
(1, [1])
[0.41880191 0.58119809]

1, 57
(1, [0])
[0.31036264 0.68963736]

1, 57
(1, [1])
[0.41880191 0.58119809]

1, 57
(2, [0])
[0.53487511 0.46512489]

1, 57
(2, [1])
[0.64751059 0.35248941]

1, 57
(2, [0])
[0.53487511 0.46512489]

1, 57
(2, [1])
[0.64751059 0.35248941]

1, 57
(0, [0])
[0.24448132 0.75551868]

1, 57
(0, [1])
[0.35199416 0.64800584]

1, 57
(1, [0])
[0.31036264 0.68963736]

1, 57
(1, [1])
[0.41880191 0.58119809]

1, 57
(2, [0])
[0.53487511 0.46512489]

1, 57
(2, [1])
[0.64751059 0.35248941]

1, 57
(1, [0])
[0.31036264 0.68963736]

1, 57
(1, [1])
[0.41880191 0.58119809]

1, 57
(2, [0])
[0.53487511 0.46512489]

1, 57
(2, [1])
[0.64751059 0.35248941]

1, 57
(0, [0])
[0.24448132 0.75551868]

1, 57
(0, [1])
[0.35199416 0.64800584]

0, 57
(2, [])
[0. 1.]

0, 57
(2, [])
[0. 1.]

0, 57
(2, [])
[0. 1.]

0, 57
(0, [])
[0. 1.]

0, 57
(1, [])
[0. 1.]

0, 57
(1, [])
[0. 1.]

0, 57
(2, [])
[0. 1.]

0, 57
(0, [])
[0. 1.]

0, 57
(0, [])
[0. 1.]

0, 57
(0, [])
[0. 1.]

1, 58
(2, [0])
[0.5 0.5]

1, 58
(2, [1])
[0.5 0.5]

1, 58
(0, [0])
[0.5 0.5]

1, 58
(0, [1])
[0.5 0.5]

1, 58
(0, [0])
[0.5 0.5]

1, 58
(0, [1])
[0.5 0.5]

1, 58
(0, [0])
[0.5 0.5]

1, 58
(0, [1])
[0.5 0.5]

1, 58
(1, [0])
[0.5 0.5]

1, 58
(1, [1])
[0.5 0.5]

1, 58
(2, [0])
[0.5 0.5]

1, 58
(2, [1])
[0.5 0.5]

1, 58
(2, [0])
[0.5 0.5]

1, 58
(2, [1])
[0.5 0.5]

1, 58
(0, [0])
[0.5 0.5]

1, 58
(0, [1])
[0.5 0.5]

1, 58
(1, [0])
[0.5 0.5]

1, 58
(1, [1])
[0.5 0.5]

1, 58
(0, [0])
[0.5 0.5]

1, 58
(0, [1])
[0.5 0.5]

0, 58
(2, [])
[0.5 0.5]

0, 58
(2, [0, 1])
[0.5 0.5]

0, 58
(2, [])
[0.5 0.5]

0, 58
(2, [0, 1])
[0.5 0.5]

0, 58
(0, [])
[0.5 0.5]

0, 58
(0, [])
[0.5 0.5]

0, 58
(2, [])
[0.5 0.5]

0, 58
(0, [])
[0.5 0.5]

0, 58
(0, [0, 1])
[0.5 0.5]

0, 58
(2, [])
[0.5 0.5]

0, 58
(2, [])
[0.5 0.5]

0, 58
(2, [])
[0.5 0.5]

0, 58
(0, [])
[0.5 0.5]

1, 59
(0, [0])
[1. 0.]

1, 59
(0, [1])
[1. 0.]

1, 59
(2, [0])
[1. 0.]

1, 59
(2, [1])
[1. 0.]

1, 59
(1, [0])
[1. 0.]

1, 59
(1, [1])
[1. 0.]

1, 59
(2, [0])
[1. 0.]

1, 59
(2, [1])
[1. 0.]

1, 59
(2, [0])
[1. 0.]

1, 59
(2, [1])
[1. 0.]

1, 59
(1, [0])
[1. 0.]

1, 59
(1, [1])
[1. 0.]

1, 59
(1, [0])
[1. 0.]

1, 59
(1, [1])
[1. 0.]

1, 59
(1, [0])
[1. 0.]

1, 59
(1, [1])
[1. 0.]

1, 59
(2, [0])
[1. 0.]

1, 59
(2, [1])
[1. 0.]

1, 59
(2, [0])
[1. 0.]

1, 59
(2, [1])
[1. 0.]

0, 59
(0, [])
[0. 1.]

0, 59
(2, [])
[0.5 0.5]

0, 59
(0, [])
[0. 1.]

0, 59
(0, [])
[0. 1.]

0, 59
(0, [])
[0. 1.]

0, 59
(2, [])
[0.5 0.5]

0, 59
(0, [])
[0. 1.]

0, 59
(0, [])
[0. 1.]

0, 59
(2, [])
[0.5 0.5]

0, 59
(2, [])
[0.5 0.5]

0, 59
(2, [0, 1])
[0.5 0.5]

1, 60
(1, [0])
[0.1857144 0.8142856]

1, 60
(1, [1])
[0.18433949 0.81566051]

1, 60
(0, [0])
[0.23196306 0.76803694]

1, 60
(0, [1])
[0.2248587 0.7751413]

1, 60
(0, [0])
[0.23196306 0.76803694]

1, 60
(0, [1])
[0.2248587 0.7751413]

1, 60
(2, [0])
[0. 1.]

1, 60
(2, [1])
[0. 1.]

1, 60
(0, [0])
[0.23196306 0.76803694]

1, 60
(0, [1])
[0.2248587 0.7751413]

1, 60
(2, [0])
[0. 1.]

1, 60
(2, [1])
[0. 1.]

1, 60
(2, [0])
[0. 1.]

1, 60
(2, [1])
[0. 1.]

1, 60
(0, [0])
[0.23196306 0.76803694]

1, 60
(0, [1])
[0.2248587 0.7751413]

1, 60
(0, [0])
[0.23196306 0.76803694]

1, 60
(0, [1])
[0.2248587 0.7751413]

1, 60
(1, [0])
[0.1857144 0.8142856]

1, 60
(1, [1])
[0.18433949 0.81566051]

0, 60
(0, [])
[1. 0.]

0, 60
(0, [0, 1])
[1. 0.]

0, 60
(0, [])
[1. 0.]

0, 60
(0, [0, 1])
[1. 0.]

0, 60
(1, [])
[1. 0.]

0, 60
(1, [0, 1])
[1. 0.]

0, 60
(2, [])
[1. 0.]

0, 60
(2, [0, 1])
[1. 0.]

0, 60
(0, [])
[1. 0.]

0, 60
(0, [0, 1])
[1. 0.]

0, 60
(2, [])
[1. 0.]

0, 60
(2, [0, 1])
[1. 0.]

0, 60
(0, [])
[1. 0.]

0, 60
(0, [0, 1])
[1. 0.]

0, 60
(0, [])
[1. 0.]

0, 60
(0, [0, 1])
[1. 0.]

0, 60
(2, [])
[1. 0.]

0, 60
(2, [0, 1])
[1. 0.]

0, 60
(2, [])
[1. 0.]

0, 60
(2, [0, 1])
[1. 0.]

1, 61
(0, [0])
[0. 1.]

1, 61
(0, [1])
[0. 1.]

1, 61
(1, [0])
[0.27881138 0.72118862]

1, 61
(1, [1])
[0.36124219 0.63875781]

1, 61
(0, [0])
[0. 1.]

1, 61
(0, [1])
[0. 1.]

1, 61
(2, [0])
[0.4504985 0.5495015]

1, 61
(2, [1])
[0.44296672 0.55703328]

1, 61
(0, [0])
[0. 1.]

1, 61
(0, [1])
[0. 1.]

1, 61
(1, [0])
[0.27881138 0.72118862]

1, 61
(1, [1])
[0.36124219 0.63875781]

1, 61
(1, [0])
[0.27881138 0.72118862]

1, 61
(1, [1])
[0.36124219 0.63875781]

1, 61
(2, [0])
[0.4504985 0.5495015]

1, 61
(2, [1])
[0.44296672 0.55703328]

1, 61
(2, [0])
[0.4504985 0.5495015]

1, 61
(2, [1])
[0.44296672 0.55703328]

1, 61
(1, [0])
[0.27881138 0.72118862]

1, 61
(1, [1])
[0.36124219 0.63875781]

0, 61
(2, [])
[1. 0.]

0, 61
(2, [0, 1])
[0.5 0.5]

0, 61
(2, [])
[1. 0.]

0, 61
(2, [0, 1])
[0.5 0.5]

0, 61
(0, [])
[1. 0.]

0, 61
(0, [0, 1])
[0.5 0.5]

0, 61
(1, [])
[1. 0.]

0, 61
(1, [0, 1])
[1. 0.]

0, 61
(0, [])
[1. 0.]

0, 61
(0, [0, 1])
[0.5 0.5]

0, 61
(0, [])
[1. 0.]

0, 61
(0, [0, 1])
[0.5 0.5]

0, 61
(1, [])
[1. 0.]

0, 61
(1, [0, 1])
[1. 0.]

0, 61
(2, [])
[1. 0.]

0, 61
(2, [0, 1])
[0.5 0.5]

0, 61
(0, [])
[1. 0.]

0, 61
(0, [0, 1])
[0.5 0.5]

0, 61
(1, [])
[1. 0.]

0, 61
(1, [0, 1])
[1. 0.]

1, 62
(1, [0])
[1. 0.]

1, 62
(1, [1])
[1. 0.]

1, 62
(1, [0])
[1. 0.]

1, 62
(1, [1])
[1. 0.]

1, 62
(1, [0])
[1. 0.]

1, 62
(1, [1])
[1. 0.]

1, 62
(2, [0])
[0.5 0.5]

1, 62
(2, [1])
[0.5 0.5]

1, 62
(1, [0])
[1. 0.]

1, 62
(1, [1])
[1. 0.]

1, 62
(2, [0])
[0.5 0.5]

1, 62
(2, [1])
[0.5 0.5]

1, 62
(1, [0])
[1. 0.]

1, 62
(1, [1])
[1. 0.]

1, 62
(2, [0])
[0.5 0.5]

1, 62
(2, [1])
[0.5 0.5]

1, 62
(0, [0])
[1. 0.]

1, 62
(0, [1])
[1. 0.]

1, 62
(1, [0])
[1. 0.]

1, 62
(1, [1])
[1. 0.]

0, 62
(0, [])
[0.67237849 0.32762151]

0, 62
(0, [0, 1])
[0.70224767 0.29775233]

0, 62
(1, [])
[0.63273576 0.36726424]

0, 62
(2, [])
[0.61827319 0.38172681]

0, 62
(2, [0, 1])
[0.61889732 0.38110268]

0, 62
(1, [])
[0.63273576 0.36726424]

0, 62
(2, [])
[0.61827319 0.38172681]

0, 62
(2, [0, 1])
[0.61889732 0.38110268]

0, 62
(1, [])
[0.63273576 0.36726424]

0, 62
(1, [0, 1])
[0.63796551 0.36203449]

0, 62
(0, [])
[0.67237849 0.32762151]

0, 62
(0, [])
[0.67237849 0.32762151]

0, 62
(0, [0, 1])
[0.70224767 0.29775233]

0, 62
(0, [])
[0.67237849 0.32762151]

0, 62
(2, [])
[0.61827319 0.38172681]

1, 63
(1, [0])
[0.52109597 0.47890403]

1, 63
(1, [1])
[0.52296616 0.47703384]

1, 63
(2, [0])
[0.47444099 0.52555901]

1, 63
(2, [1])
[0.50784261 0.49215739]

1, 63
(2, [0])
[0.47444099 0.52555901]

1, 63
(2, [1])
[0.50784261 0.49215739]

1, 63
(1, [0])
[0.52109597 0.47890403]

1, 63
(1, [1])
[0.52296616 0.47703384]

1, 63
(2, [0])
[0.47444099 0.52555901]

1, 63
(2, [1])
[0.50784261 0.49215739]

1, 63
(0, [0])
[0.72958409 0.27041591]

1, 63
(0, [1])
[0.75539647 0.24460353]

1, 63
(0, [0])
[0.72958409 0.27041591]

1, 63
(0, [1])
[0.75539647 0.24460353]

1, 63
(1, [0])
[0.52109597 0.47890403]

1, 63
(1, [1])
[0.52296616 0.47703384]

1, 63
(0, [0])
[0.72958409 0.27041591]

1, 63
(0, [1])
[0.75539647 0.24460353]

1, 63
(2, [0])
[0.47444099 0.52555901]

1, 63
(2, [1])
[0.50784261 0.49215739]

0, 63
(1, [])
[0.5 0.5]

0, 63
(2, [])
[1. 0.]

0, 63
(2, [0, 1])
[1. 0.]

0, 63
(2, [])
[1. 0.]

0, 63
(2, [0, 1])
[1. 0.]

0, 63
(2, [])
[1. 0.]

0, 63
(2, [0, 1])
[1. 0.]

0, 63
(2, [])
[1. 0.]

0, 63
(2, [0, 1])
[1. 0.]

0, 63
(2, [])
[1. 0.]

0, 63
(2, [0, 1])
[1. 0.]

0, 63
(0, [])
[0.5 0.5]

0, 63
(0, [])
[0.5 0.5]

0, 63
(0, [0, 1])
[0.5 0.5]

0, 63
(1, [])
[0.5 0.5]

0, 63
(0, [])
[0.5 0.5]

0, 63
(0, [0, 1])
[0.5 0.5]

1, 64
(1, [0])
[1. 0.]

1, 64
(1, [1])
[1. 0.]

1, 64
(0, [0])
[0.5 0.5]

1, 64
(0, [1])
[0.5 0.5]

1, 64
(0, [0])
[0.5 0.5]

1, 64
(0, [1])
[0.5 0.5]

1, 64
(1, [0])
[1. 0.]

1, 64
(1, [1])
[1. 0.]

1, 64
(0, [0])
[0.5 0.5]

1, 64
(0, [1])
[0.5 0.5]

1, 64
(1, [0])
[1. 0.]

1, 64
(1, [1])
[1. 0.]

1, 64
(2, [0])
[0.73067714 0.26932286]

1, 64
(2, [1])
[0.73371064 0.26628936]

1, 64
(0, [0])
[0.5 0.5]

1, 64
(0, [1])
[0.5 0.5]

1, 64
(1, [0])
[1. 0.]

1, 64
(1, [1])
[1. 0.]

1, 64
(2, [0])
[0.73067714 0.26932286]

1, 64
(2, [1])
[0.73371064 0.26628936]

0, 64
(1, [])
[0.65854591 0.34145409]

0, 64
(1, [0, 1])
[0.65612671 0.34387329]

0, 64
(1, [])
[0.65854591 0.34145409]

0, 64
(1, [0, 1])
[0.65612671 0.34387329]

0, 64
(2, [])
[0.5 0.5]

0, 64
(2, [])
[0.5 0.5]

0, 64
(2, [])
[0.5 0.5]

0, 64
(2, [])
[0.5 0.5]

0, 64
(0, [])
[0.65850205 0.34149795]

0, 64
(0, [0, 1])
[0.65462894 0.34537106]

0, 64
(1, [])
[0.65854591 0.34145409]

0, 64
(1, [0, 1])
[0.65612671 0.34387329]

0, 64
(1, [])
[0.65854591 0.34145409]

0, 64
(1, [0, 1])
[0.65612671 0.34387329]

0, 64
(1, [])
[0.65854591 0.34145409]

0, 64
(1, [0, 1])
[0.65612671 0.34387329]

1, 65
(0, [0])
[1. 0.]

1, 65
(0, [1])
[1. 0.]

1, 65
(2, [0])
[1. 0.]

1, 65
(2, [1])
[1. 0.]

1, 65
(2, [0])
[1. 0.]

1, 65
(2, [1])
[1. 0.]

1, 65
(2, [0])
[1. 0.]

1, 65
(2, [1])
[1. 0.]

1, 65
(1, [0])
[1. 0.]

1, 65
(1, [1])
[1. 0.]

1, 65
(2, [0])
[1. 0.]

1, 65
(2, [1])
[1. 0.]

1, 65
(0, [0])
[1. 0.]

1, 65
(0, [1])
[1. 0.]

1, 65
(1, [0])
[1. 0.]

1, 65
(1, [1])
[1. 0.]

1, 65
(2, [0])
[1. 0.]

1, 65
(2, [1])
[1. 0.]

1, 65
(1, [0])
[1. 0.]

1, 65
(1, [1])
[1. 0.]

0, 65
(2, [])
[1. 0.]

0, 65
(2, [0, 1])
[0.6697273 0.3302727]

0, 65
(2, [])
[1. 0.]

0, 65
(2, [0, 1])
[0.6697273 0.3302727]

0, 65
(0, [])
[0.65227958 0.34772042]

0, 65
(0, [0, 1])
[0.58389467 0.41610533]

0, 65
(0, [])
[0.65227958 0.34772042]

0, 65
(0, [0, 1])
[0.58389467 0.41610533]

0, 65
(1, [])
[1. 0.]

0, 65
(1, [0, 1])
[0.62131499 0.37868501]

0, 65
(2, [])
[1. 0.]

0, 65
(2, [0, 1])
[0.6697273 0.3302727]

0, 65
(1, [])
[1. 0.]

0, 65
(1, [0, 1])
[0.62131499 0.37868501]

0, 65
(0, [])
[0.65227958 0.34772042]

0, 65
(1, [])
[1. 0.]

0, 65
(1, [0, 1])
[0.62131499 0.37868501]

0, 65
(0, [])
[0.65227958 0.34772042]

0, 65
(0, [0, 1])
[0.58389467 0.41610533]

1, 66
(2, [0])
[1. 0.]

1, 66
(2, [1])
[1. 0.]

1, 66
(1, [0])
[0.5 0.5]

1, 66
(1, [1])
[0.5 0.5]

1, 66
(2, [0])
[1. 0.]

1, 66
(2, [1])
[1. 0.]

1, 66
(1, [0])
[0.5 0.5]

1, 66
(1, [1])
[0.5 0.5]

1, 66
(2, [0])
[1. 0.]

1, 66
(2, [1])
[1. 0.]

1, 66
(2, [0])
[1. 0.]

1, 66
(2, [1])
[1. 0.]

1, 66
(2, [0])
[1. 0.]

1, 66
(2, [1])
[1. 0.]

1, 66
(0, [0])
[1. 0.]

1, 66
(0, [1])
[1. 0.]

1, 66
(2, [0])
[1. 0.]

1, 66
(2, [1])
[1. 0.]

1, 66
(1, [0])
[0.5 0.5]

1, 66
(1, [1])
[0.5 0.5]

0, 66
(0, [])
[0.5 0.5]

0, 66
(1, [])
[0.5 0.5]

0, 66
(1, [0, 1])
[0.5 0.5]

0, 66
(1, [])
[0.5 0.5]

0, 66
(2, [])
[0.5 0.5]

0, 66
(2, [0, 1])
[0.5 0.5]

0, 66
(1, [])
[0.5 0.5]

0, 66
(1, [0, 1])
[0.5 0.5]

0, 66
(1, [])
[0.5 0.5]

0, 66
(1, [0, 1])
[0.5 0.5]

0, 66
(1, [])
[0.5 0.5]

0, 66
(1, [0, 1])
[0.5 0.5]

0, 66
(1, [])
[0.5 0.5]

0, 66
(1, [])
[0.5 0.5]

0, 66
(0, [])
[0.5 0.5]

0, 66
(0, [0, 1])
[0.5 0.5]

1, 67
(1, [0])
[0. 1.]

1, 67
(1, [1])
[0. 1.]

1, 67
(0, [0])
[0. 1.]

1, 67
(0, [1])
[0. 1.]

1, 67
(0, [0])
[0. 1.]

1, 67
(0, [1])
[0. 1.]

1, 67
(0, [0])
[0. 1.]

1, 67
(0, [1])
[0. 1.]

1, 67
(1, [0])
[0. 1.]

1, 67
(1, [1])
[0. 1.]

1, 67
(2, [0])
[0. 1.]

1, 67
(2, [1])
[0. 1.]

1, 67
(2, [0])
[0. 1.]

1, 67
(2, [1])
[0. 1.]

1, 67
(0, [0])
[0. 1.]

1, 67
(0, [1])
[0. 1.]

1, 67
(0, [0])
[0. 1.]

1, 67
(0, [1])
[0. 1.]

1, 67
(1, [0])
[0. 1.]

1, 67
(1, [1])
[0. 1.]

0, 67
(0, [])
[0. 1.]

0, 67
(1, [])
[0.5 0.5]

0, 67
(1, [0, 1])
[1. 0.]

0, 67
(2, [])
[1. 0.]

0, 67
(2, [0, 1])
[1. 0.]

0, 67
(2, [])
[1. 0.]

0, 67
(2, [0, 1])
[1. 0.]

0, 67
(1, [])
[0.5 0.5]

0, 67
(1, [0, 1])
[1. 0.]

0, 67
(0, [])
[0. 1.]

0, 67
(0, [])
[0. 1.]

0, 67
(2, [])
[1. 0.]

0, 67
(2, [0, 1])
[1. 0.]

0, 67
(1, [])
[0.5 0.5]

0, 67
(1, [0, 1])
[1. 0.]

0, 67
(0, [])
[0. 1.]

1, 68
(1, [0])
[0.5 0.5]

1, 68
(1, [1])
[0. 1.]

1, 68
(1, [0])
[0.5 0.5]

1, 68
(1, [1])
[0. 1.]

1, 68
(2, [0])
[0.5 0.5]

1, 68
(2, [1])
[0.5 0.5]

1, 68
(2, [0])
[0.5 0.5]

1, 68
(2, [1])
[0.5 0.5]

1, 68
(2, [0])
[0.5 0.5]

1, 68
(2, [1])
[0.5 0.5]

1, 68
(2, [0])
[0.5 0.5]

1, 68
(2, [1])
[0.5 0.5]

1, 68
(0, [0])
[0.5 0.5]

1, 68
(0, [1])
[0.5 0.5]

1, 68
(2, [0])
[0.5 0.5]

1, 68
(2, [1])
[0.5 0.5]

1, 68
(0, [0])
[0.5 0.5]

1, 68
(0, [1])
[0.5 0.5]

1, 68
(2, [0])
[0.5 0.5]

1, 68
(2, [1])
[0.5 0.5]

0, 68
(0, [])
[0.36216724 0.63783276]

0, 68
(0, [])
[0.36216724 0.63783276]

0, 68
(2, [])
[0.17738396 0.82261604]

0, 68
(2, [])
[0.17738396 0.82261604]

0, 68
(0, [])
[0.36216724 0.63783276]

0, 68
(0, [0, 1])
[0.20393215 0.79606785]

0, 68
(0, [])
[0.36216724 0.63783276]

0, 68
(2, [])
[0.17738396 0.82261604]

0, 68
(2, [])
[0.17738396 0.82261604]

0, 68
(1, [])
[0.22576383 0.77423617]

0, 68
(0, [])
[0.36216724 0.63783276]

1, 69
(0, [0])
[0.39269194 0.60730806]

1, 69
(0, [1])
[0.43373387 0.56626613]

1, 69
(2, [0])
[0.5 0.5]

1, 69
(2, [1])
[0.5 0.5]

1, 69
(2, [0])
[0.5 0.5]

1, 69
(2, [1])
[0.5 0.5]

1, 69
(0, [0])
[0.39269194 0.60730806]

1, 69
(0, [1])
[0.43373387 0.56626613]

1, 69
(2, [0])
[0.5 0.5]

1, 69
(2, [1])
[0.5 0.5]

1, 69
(0, [0])
[0.39269194 0.60730806]

1, 69
(0, [1])
[0.43373387 0.56626613]

1, 69
(1, [0])
[0.5 0.5]

1, 69
(1, [1])
[0.5 0.5]

1, 69
(1, [0])
[0.5 0.5]

1, 69
(1, [1])
[0.5 0.5]

1, 69
(0, [0])
[0.39269194 0.60730806]

1, 69
(0, [1])
[0.43373387 0.56626613]

1, 69
(0, [0])
[0.39269194 0.60730806]

1, 69
(0, [1])
[0.43373387 0.56626613]

0, 69
(2, [])
[1. 0.]

0, 69
(2, [0, 1])
[1. 0.]

0, 69
(2, [])
[1. 0.]

0, 69
(2, [0, 1])
[1. 0.]

0, 69
(2, [])
[1. 0.]

0, 69
(2, [0, 1])
[1. 0.]

0, 69
(0, [])
[1. 0.]

0, 69
(0, [0, 1])
[1. 0.]

0, 69
(2, [])
[1. 0.]

0, 69
(2, [0, 1])
[1. 0.]

0, 69
(0, [])
[1. 0.]

0, 69
(0, [0, 1])
[1. 0.]

0, 69
(0, [])
[1. 0.]

0, 69
(0, [0, 1])
[1. 0.]

0, 69
(2, [])
[1. 0.]

0, 69
(2, [0, 1])
[1. 0.]

0, 69
(1, [])
[1. 0.]

0, 69
(1, [0, 1])
[1. 0.]

0, 69
(1, [])
[1. 0.]

0, 69
(1, [0, 1])
[1. 0.]

1, 70
(0, [0])
[0. 1.]

1, 70
(0, [1])
[0. 1.]

1, 70
(1, [0])
[0.5 0.5]

1, 70
(1, [1])
[0. 1.]

1, 70
(2, [0])
[0.5 0.5]

1, 70
(2, [1])
[0.5 0.5]

1, 70
(1, [0])
[0.5 0.5]

1, 70
(1, [1])
[0. 1.]

1, 70
(2, [0])
[0.5 0.5]

1, 70
(2, [1])
[0.5 0.5]

1, 70
(1, [0])
[0.5 0.5]

1, 70
(1, [1])
[0. 1.]

1, 70
(0, [0])
[0. 1.]

1, 70
(0, [1])
[0. 1.]

1, 70
(0, [0])
[0. 1.]

1, 70
(0, [1])
[0. 1.]

1, 70
(2, [0])
[0.5 0.5]

1, 70
(2, [1])
[0.5 0.5]

1, 70
(0, [0])
[0. 1.]

1, 70
(0, [1])
[0. 1.]

0, 70
(0, [])
[0.25556432 0.74443568]

0, 70
(2, [])
[0. 1.]

0, 70
(0, [])
[0.25556432 0.74443568]

0, 70
(2, [])
[0. 1.]

0, 70
(2, [])
[0. 1.]

0, 70
(1, [])
[0.13269966 0.86730034]

0, 70
(2, [])
[0. 1.]

0, 70
(1, [])
[0.13269966 0.86730034]

0, 70
(2, [])
[0. 1.]

0, 70
(2, [])
[0. 1.]

1, 71
(0, [0])
[0.5 0.5]

1, 71
(0, [1])
[0. 1.]

1, 71
(1, [0])
[0.5 0.5]

1, 71
(1, [1])
[0.5 0.5]

1, 71
(1, [0])
[0.5 0.5]

1, 71
(1, [1])
[0.5 0.5]

1, 71
(1, [0])
[0.5 0.5]

1, 71
(1, [1])
[0.5 0.5]

1, 71
(1, [0])
[0.5 0.5]

1, 71
(1, [1])
[0.5 0.5]

1, 71
(1, [0])
[0.5 0.5]

1, 71
(1, [1])
[0.5 0.5]

1, 71
(2, [0])
[0.5 0.5]

1, 71
(2, [1])
[0.5 0.5]

1, 71
(0, [0])
[0.5 0.5]

1, 71
(0, [1])
[0. 1.]

1, 71
(2, [0])
[0.5 0.5]

1, 71
(2, [1])
[0.5 0.5]

1, 71
(1, [0])
[0.5 0.5]

1, 71
(1, [1])
[0.5 0.5]

0, 71
(0, [])
[0. 1.]

0, 71
(1, [])
[0. 1.]

0, 71
(1, [])
[0. 1.]

0, 71
(0, [])
[0. 1.]

0, 71
(0, [])
[0. 1.]

0, 71
(0, [])
[0. 1.]

0, 71
(0, [])
[0. 1.]

0, 71
(1, [])
[0. 1.]

0, 71
(2, [])
[0. 1.]

0, 71
(1, [])
[0. 1.]

1, 72
(0, [0])
[0. 1.]

1, 72
(0, [1])
[0. 1.]

1, 72
(1, [0])
[0. 1.]

1, 72
(1, [1])
[0. 1.]

1, 72
(1, [0])
[0. 1.]

1, 72
(1, [1])
[0. 1.]

1, 72
(2, [0])
[0. 1.]

1, 72
(2, [1])
[0. 1.]

1, 72
(1, [0])
[0. 1.]

1, 72
(1, [1])
[0. 1.]

1, 72
(2, [0])
[0. 1.]

1, 72
(2, [1])
[0. 1.]

1, 72
(0, [0])
[0. 1.]

1, 72
(0, [1])
[0. 1.]

1, 72
(2, [0])
[0. 1.]

1, 72
(2, [1])
[0. 1.]

1, 72
(2, [0])
[0. 1.]

1, 72
(2, [1])
[0. 1.]

1, 72
(2, [0])
[0. 1.]

1, 72
(2, [1])
[0. 1.]

0, 72
(1, [])
[1. 0.]

0, 72
(1, [0, 1])
[1. 0.]

0, 72
(1, [])
[1. 0.]

0, 72
(1, [0, 1])
[1. 0.]

0, 72
(0, [])
[1. 0.]

0, 72
(0, [0, 1])
[1. 0.]

0, 72
(2, [])
[1. 0.]

0, 72
(2, [0, 1])
[1. 0.]

0, 72
(0, [])
[1. 0.]

0, 72
(0, [0, 1])
[1. 0.]

0, 72
(2, [])
[1. 0.]

0, 72
(2, [0, 1])
[1. 0.]

0, 72
(0, [])
[1. 0.]

0, 72
(0, [0, 1])
[1. 0.]

0, 72
(0, [])
[1. 0.]

0, 72
(0, [0, 1])
[1. 0.]

0, 72
(2, [])
[1. 0.]

0, 72
(2, [0, 1])
[1. 0.]

0, 72
(2, [])
[1. 0.]

0, 72
(2, [0, 1])
[1. 0.]

1, 73
(0, [0])
[0. 1.]

1, 73
(0, [1])
[0. 1.]

1, 73
(0, [0])
[0. 1.]

1, 73
(0, [1])
[0. 1.]

1, 73
(1, [0])
[0. 1.]

1, 73
(1, [1])
[0. 1.]

1, 73
(1, [0])
[0. 1.]

1, 73
(1, [1])
[0. 1.]

1, 73
(0, [0])
[0. 1.]

1, 73
(0, [1])
[0. 1.]

1, 73
(1, [0])
[0. 1.]

1, 73
(1, [1])
[0. 1.]

1, 73
(0, [0])
[0. 1.]

1, 73
(0, [1])
[0. 1.]

1, 73
(0, [0])
[0. 1.]

1, 73
(0, [1])
[0. 1.]

1, 73
(0, [0])
[0. 1.]

1, 73
(0, [1])
[0. 1.]

1, 73
(1, [0])
[0. 1.]

1, 73
(1, [1])
[0. 1.]

0, 73
(1, [])
[0.5 0.5]

0, 73
(1, [])
[0.5 0.5]

0, 73
(2, [])
[0.5 0.5]

0, 73
(2, [0, 1])
[0.5 0.5]

0, 73
(2, [])
[0.5 0.5]

0, 73
(2, [])
[0.5 0.5]

0, 73
(0, [])
[0.5 0.5]

0, 73
(0, [0, 1])
[0.5 0.5]

0, 73
(0, [])
[0.5 0.5]

0, 73
(2, [])
[0.5 0.5]

0, 73
(2, [0, 1])
[0.5 0.5]

0, 73
(2, [])
[0.5 0.5]

0, 73
(0, [])
[0.5 0.5]

1, 74
(2, [0])
[0.2803782 0.7196218]

1, 74
(2, [1])
[0.1818782 0.8181218]

1, 74
(2, [0])
[0.2803782 0.7196218]

1, 74
(2, [1])
[0.1818782 0.8181218]

1, 74
(0, [0])
[0.42057633 0.57942367]

1, 74
(0, [1])
[0.27897527 0.72102473]

1, 74
(2, [0])
[0.2803782 0.7196218]

1, 74
(2, [1])
[0.1818782 0.8181218]

1, 74
(1, [0])
[0.26615336 0.73384664]

1, 74
(1, [1])
[0.08428685 0.91571315]

1, 74
(0, [0])
[0.42057633 0.57942367]

1, 74
(0, [1])
[0.27897527 0.72102473]

1, 74
(2, [0])
[0.2803782 0.7196218]

1, 74
(2, [1])
[0.1818782 0.8181218]

1, 74
(1, [0])
[0.26615336 0.73384664]

1, 74
(1, [1])
[0.08428685 0.91571315]

1, 74
(1, [0])
[0.26615336 0.73384664]

1, 74
(1, [1])
[0.08428685 0.91571315]

1, 74
(1, [0])
[0.26615336 0.73384664]

1, 74
(1, [1])
[0.08428685 0.91571315]

0, 74
(2, [])
[0.6534955 0.3465045]

0, 74
(2, [0, 1])
[0.65646107 0.34353893]

0, 74
(1, [])
[0.63476857 0.36523143]

0, 74
(0, [])
[0.73718921 0.26281079]

0, 74
(0, [0, 1])
[0.68504794 0.31495206]

0, 74
(0, [])
[0.73718921 0.26281079]

0, 74
(1, [])
[0.63476857 0.36523143]

0, 74
(0, [])
[0.73718921 0.26281079]

0, 74
(0, [0, 1])
[0.68504794 0.31495206]

0, 74
(2, [])
[0.6534955 0.3465045]

0, 74
(2, [0, 1])
[0.65646107 0.34353893]

0, 74
(0, [])
[0.73718921 0.26281079]

0, 74
(0, [0, 1])
[0.68504794 0.31495206]

0, 74
(0, [])
[0.73718921 0.26281079]

0, 74
(1, [])
[0.63476857 0.36523143]

1, 75
(2, [0])
[1. 0.]

1, 75
(2, [1])
[1. 0.]

1, 75
(2, [0])
[1. 0.]

1, 75
(2, [1])
[1. 0.]

1, 75
(0, [0])
[1. 0.]

1, 75
(0, [1])
[1. 0.]

1, 75
(0, [0])
[1. 0.]

1, 75
(0, [1])
[1. 0.]

1, 75
(1, [0])
[1. 0.]

1, 75
(1, [1])
[1. 0.]

1, 75
(1, [0])
[1. 0.]

1, 75
(1, [1])
[1. 0.]

1, 75
(2, [0])
[1. 0.]

1, 75
(2, [1])
[1. 0.]

1, 75
(1, [0])
[1. 0.]

1, 75
(1, [1])
[1. 0.]

1, 75
(2, [0])
[1. 0.]

1, 75
(2, [1])
[1. 0.]

1, 75
(2, [0])
[1. 0.]

1, 75
(2, [1])
[1. 0.]

0, 75
(0, [])
[0. 1.]

0, 75
(1, [])
[0. 1.]

0, 75
(2, [])
[0. 1.]

0, 75
(0, [])
[0. 1.]

0, 75
(2, [])
[0. 1.]

0, 75
(1, [])
[0. 1.]

0, 75
(2, [])
[0. 1.]

0, 75
(1, [])
[0. 1.]

0, 75
(0, [])
[0. 1.]

0, 75
(0, [])
[0. 1.]

1, 76
(0, [0])
[1. 0.]

1, 76
(0, [1])
[0.5 0.5]

1, 76
(0, [0])
[1. 0.]

1, 76
(0, [1])
[0.5 0.5]

1, 76
(1, [0])
[0.5 0.5]

1, 76
(1, [1])
[0.5 0.5]

1, 76
(1, [0])
[0.5 0.5]

1, 76
(1, [1])
[0.5 0.5]

1, 76
(0, [0])
[1. 0.]

1, 76
(0, [1])
[0.5 0.5]

1, 76
(0, [0])
[1. 0.]

1, 76
(0, [1])
[0.5 0.5]

1, 76
(1, [0])
[0.5 0.5]

1, 76
(1, [1])
[0.5 0.5]

1, 76
(2, [0])
[0.5 0.5]

1, 76
(2, [1])
[0.5 0.5]

1, 76
(2, [0])
[0.5 0.5]

1, 76
(2, [1])
[0.5 0.5]

1, 76
(1, [0])
[0.5 0.5]

1, 76
(1, [1])
[0.5 0.5]

0, 76
(1, [])
[0.39660548 0.60339452]

0, 76
(1, [])
[0.39660548 0.60339452]

0, 76
(1, [0, 1])
[0.52062888 0.47937112]

0, 76
(2, [])
[0. 1.]

0, 76
(2, [])
[0. 1.]

0, 76
(0, [])
[0. 1.]

0, 76
(1, [])
[0.39660548 0.60339452]

0, 76
(1, [0, 1])
[0.52062888 0.47937112]

0, 76
(0, [])
[0. 1.]

0, 76
(1, [])
[0.39660548 0.60339452]

0, 76
(1, [])
[0.39660548 0.60339452]

0, 76
(0, [])
[0. 1.]

1, 77
(0, [0])
[0. 1.]

1, 77
(0, [1])
[0.06803744 0.93196256]

1, 77
(1, [0])
[0.03677575 0.96322425]

1, 77
(1, [1])
[0.0852292 0.9147708]

1, 77
(1, [0])
[0.03677575 0.96322425]

1, 77
(1, [1])
[0.0852292 0.9147708]

1, 77
(0, [0])
[0. 1.]

1, 77
(0, [1])
[0.06803744 0.93196256]

1, 77
(0, [0])
[0. 1.]

1, 77
(0, [1])
[0.06803744 0.93196256]

1, 77
(2, [0])
[0.03751572 0.96248428]

1, 77
(2, [1])
[0.05587122 0.94412878]

1, 77
(2, [0])
[0.03751572 0.96248428]

1, 77
(2, [1])
[0.05587122 0.94412878]

1, 77
(2, [0])
[0.03751572 0.96248428]

1, 77
(2, [1])
[0.05587122 0.94412878]

1, 77
(0, [0])
[0. 1.]

1, 77
(0, [1])
[0.06803744 0.93196256]

1, 77
(0, [0])
[0. 1.]

1, 77
(0, [1])
[0.06803744 0.93196256]

0, 77
(0, [])
[0. 1.]

0, 77
(2, [])
[0. 1.]

0, 77
(1, [])
[0. 1.]

0, 77
(2, [])
[0. 1.]

0, 77
(1, [])
[0. 1.]

0, 77
(2, [])
[0. 1.]

0, 77
(0, [])
[0. 1.]

0, 77
(2, [])
[0. 1.]

0, 77
(0, [])
[0. 1.]

0, 77
(1, [])
[0. 1.]

1, 78
(1, [0])
[0.5 0.5]

1, 78
(1, [1])
[1. 0.]

1, 78
(0, [0])
[0.5 0.5]

1, 78
(0, [1])
[1. 0.]

1, 78
(2, [0])
[1. 0.]

1, 78
(2, [1])
[1. 0.]

1, 78
(0, [0])
[0.5 0.5]

1, 78
(0, [1])
[1. 0.]

1, 78
(2, [0])
[1. 0.]

1, 78
(2, [1])
[1. 0.]

1, 78
(0, [0])
[0.5 0.5]

1, 78
(0, [1])
[1. 0.]

1, 78
(1, [0])
[0.5 0.5]

1, 78
(1, [1])
[1. 0.]

1, 78
(1, [0])
[0.5 0.5]

1, 78
(1, [1])
[1. 0.]

1, 78
(0, [0])
[0.5 0.5]

1, 78
(0, [1])
[1. 0.]

1, 78
(1, [0])
[0.5 0.5]

1, 78
(1, [1])
[1. 0.]

0, 78
(2, [])
[0. 1.]

0, 78
(0, [])
[0. 1.]

0, 78
(2, [])
[0. 1.]

0, 78
(1, [])
[0. 1.]

0, 78
(2, [])
[0. 1.]

0, 78
(0, [])
[0. 1.]

0, 78
(0, [])
[0. 1.]

0, 78
(2, [])
[0. 1.]

0, 78
(2, [])
[0. 1.]

0, 78
(2, [])
[0. 1.]

1, 79
(1, [0])
[0.29164809 0.70835191]

1, 79
(1, [1])
[0.26941543 0.73058457]

1, 79
(1, [0])
[0.29164809 0.70835191]

1, 79
(1, [1])
[0.26941543 0.73058457]

1, 79
(0, [0])
[0.13719509 0.86280491]

1, 79
(0, [1])
[0. 1.]

1, 79
(0, [0])
[0.13719509 0.86280491]

1, 79
(0, [1])
[0. 1.]

1, 79
(1, [0])
[0.29164809 0.70835191]

1, 79
(1, [1])
[0.26941543 0.73058457]

1, 79
(1, [0])
[0.29164809 0.70835191]

1, 79
(1, [1])
[0.26941543 0.73058457]

1, 79
(1, [0])
[0.29164809 0.70835191]

1, 79
(1, [1])
[0.26941543 0.73058457]

1, 79
(0, [0])
[0.13719509 0.86280491]

1, 79
(0, [1])
[0. 1.]

1, 79
(1, [0])
[0.29164809 0.70835191]

1, 79
(1, [1])
[0.26941543 0.73058457]

1, 79
(0, [0])
[0.13719509 0.86280491]

1, 79
(0, [1])
[0. 1.]

0, 79
(2, [])
[0. 1.]

0, 79
(0, [])
[0. 1.]

0, 79
(0, [])
[0. 1.]

0, 79
(2, [])
[0. 1.]

0, 79
(1, [])
[0. 1.]

0, 79
(2, [])
[0. 1.]

0, 79
(2, [])
[0. 1.]

0, 79
(0, [])
[0. 1.]

0, 79
(1, [])
[0. 1.]

0, 79
(1, [])
[0. 1.]

1, 80
(2, [0])
[0.5 0.5]

1, 80
(2, [1])
[1. 0.]

1, 80
(1, [0])
[1. 0.]

1, 80
(1, [1])
[1. 0.]

1, 80
(1, [0])
[1. 0.]

1, 80
(1, [1])
[1. 0.]

1, 80
(1, [0])
[1. 0.]

1, 80
(1, [1])
[1. 0.]

1, 80
(1, [0])
[1. 0.]

1, 80
(1, [1])
[1. 0.]

1, 80
(1, [0])
[1. 0.]

1, 80
(1, [1])
[1. 0.]

1, 80
(1, [0])
[1. 0.]

1, 80
(1, [1])
[1. 0.]

1, 80
(2, [0])
[0.5 0.5]

1, 80
(2, [1])
[1. 0.]

1, 80
(0, [0])
[0.5 0.5]

1, 80
(0, [1])
[0.5 0.5]

1, 80
(1, [0])
[1. 0.]

1, 80
(1, [1])
[1. 0.]

0, 80
(2, [])
[1. 0.]

0, 80
(2, [0, 1])
[0. 1.]

0, 80
(2, [])
[1. 0.]

0, 80
(2, [0, 1])
[0. 1.]

0, 80
(0, [])
[0. 1.]

0, 80
(2, [])
[1. 0.]

0, 80
(2, [0, 1])
[0. 1.]

0, 80
(2, [])
[1. 0.]

0, 80
(2, [0, 1])
[0. 1.]

0, 80
(1, [])
[0. 1.]

0, 80
(2, [])
[1. 0.]

0, 80
(2, [0, 1])
[0. 1.]

0, 80
(1, [])
[0. 1.]

0, 80
(0, [])
[0. 1.]

0, 80
(0, [])
[0. 1.]

1, 81
(1, [0])
[1. 0.]

1, 81
(1, [1])
[1. 0.]

1, 81
(0, [0])
[1. 0.]

1, 81
(0, [1])
[1. 0.]

1, 81
(2, [0])
[1. 0.]

1, 81
(2, [1])
[1. 0.]

1, 81
(2, [0])
[1. 0.]

1, 81
(2, [1])
[1. 0.]

1, 81
(1, [0])
[1. 0.]

1, 81
(1, [1])
[1. 0.]

1, 81
(0, [0])
[1. 0.]

1, 81
(0, [1])
[1. 0.]

1, 81
(2, [0])
[1. 0.]

1, 81
(2, [1])
[1. 0.]

1, 81
(1, [0])
[1. 0.]

1, 81
(1, [1])
[1. 0.]

1, 81
(0, [0])
[1. 0.]

1, 81
(0, [1])
[1. 0.]

1, 81
(1, [0])
[1. 0.]

1, 81
(1, [1])
[1. 0.]

0, 81
(2, [])
[1. 0.]

0, 81
(2, [0, 1])
[1. 0.]

0, 81
(1, [])
[1. 0.]

0, 81
(1, [0, 1])
[1. 0.]

0, 81
(2, [])
[1. 0.]

0, 81
(2, [0, 1])
[1. 0.]

0, 81
(1, [])
[1. 0.]

0, 81
(1, [0, 1])
[1. 0.]

0, 81
(1, [])
[1. 0.]

0, 81
(1, [0, 1])
[1. 0.]

0, 81
(1, [])
[1. 0.]

0, 81
(1, [0, 1])
[1. 0.]

0, 81
(2, [])
[1. 0.]

0, 81
(2, [0, 1])
[1. 0.]

0, 81
(2, [])
[1. 0.]

0, 81
(2, [0, 1])
[1. 0.]

0, 81
(0, [])
[0.5 0.5]

0, 81
(1, [])
[1. 0.]

0, 81
(1, [0, 1])
[1. 0.]

1, 82
(2, [0])
[1. 0.]

1, 82
(2, [1])
[1. 0.]

1, 82
(1, [0])
[1. 0.]

1, 82
(1, [1])
[1. 0.]

1, 82
(2, [0])
[1. 0.]

1, 82
(2, [1])
[1. 0.]

1, 82
(2, [0])
[1. 0.]

1, 82
(2, [1])
[1. 0.]

1, 82
(1, [0])
[1. 0.]

1, 82
(1, [1])
[1. 0.]

1, 82
(0, [0])
[0.5 0.5]

1, 82
(0, [1])
[0.5 0.5]

1, 82
(2, [0])
[1. 0.]

1, 82
(2, [1])
[1. 0.]

1, 82
(2, [0])
[1. 0.]

1, 82
(2, [1])
[1. 0.]

1, 82
(0, [0])
[0.5 0.5]

1, 82
(0, [1])
[0.5 0.5]

1, 82
(0, [0])
[0.5 0.5]

1, 82
(0, [1])
[0.5 0.5]

0, 82
(1, [])
[1. 0.]

0, 82
(1, [0, 1])
[1. 0.]

0, 82
(1, [])
[1. 0.]

0, 82
(1, [0, 1])
[1. 0.]

0, 82
(0, [])
[1. 0.]

0, 82
(0, [0, 1])
[1. 0.]

0, 82
(0, [])
[1. 0.]

0, 82
(0, [0, 1])
[1. 0.]

0, 82
(0, [])
[1. 0.]

0, 82
(0, [0, 1])
[1. 0.]

0, 82
(1, [])
[1. 0.]

0, 82
(1, [0, 1])
[1. 0.]

0, 82
(2, [])
[0.97991158 0.02008842]

0, 82
(2, [0, 1])
[1. 0.]

0, 82
(2, [])
[0.97991158 0.02008842]

0, 82
(2, [0, 1])
[1. 0.]

0, 82
(2, [])
[0.97991158 0.02008842]

0, 82
(2, [0, 1])
[1. 0.]

0, 82
(2, [])
[0.97991158 0.02008842]

0, 82
(2, [0, 1])
[1. 0.]

1, 83
(0, [0])
[0.5 0.5]

1, 83
(0, [1])
[0.5 0.5]

1, 83
(1, [0])
[0.5 0.5]

1, 83
(1, [1])
[0.5 0.5]

1, 83
(0, [0])
[0.5 0.5]

1, 83
(0, [1])
[0.5 0.5]

1, 83
(1, [0])
[0.5 0.5]

1, 83
(1, [1])
[0.5 0.5]

1, 83
(1, [0])
[0.5 0.5]

1, 83
(1, [1])
[0.5 0.5]

1, 83
(0, [0])
[0.5 0.5]

1, 83
(0, [1])
[0.5 0.5]

1, 83
(2, [0])
[0.5 0.5]

1, 83
(2, [1])
[0.5 0.5]

1, 83
(0, [0])
[0.5 0.5]

1, 83
(0, [1])
[0.5 0.5]

1, 83
(2, [0])
[0.5 0.5]

1, 83
(2, [1])
[0.5 0.5]

1, 83
(0, [0])
[0.5 0.5]

1, 83
(0, [1])
[0.5 0.5]

0, 83
(1, [])
[0. 1.]

0, 83
(1, [])
[0. 1.]

0, 83
(1, [])
[0. 1.]

0, 83
(0, [])
[0. 1.]

0, 83
(2, [])
[0. 1.]

0, 83
(2, [])
[0. 1.]

0, 83
(1, [])
[0. 1.]

0, 83
(2, [])
[0. 1.]

0, 83
(1, [])
[0. 1.]

0, 83
(2, [])
[0. 1.]

1, 84
(0, [0])
[0.5 0.5]

1, 84
(0, [1])
[0.5 0.5]

1, 84
(0, [0])
[0.5 0.5]

1, 84
(0, [1])
[0.5 0.5]

1, 84
(2, [0])
[0.4367827 0.5632173]

1, 84
(2, [1])
[0.38871559 0.61128441]

1, 84
(0, [0])
[0.5 0.5]

1, 84
(0, [1])
[0.5 0.5]

1, 84
(2, [0])
[0.4367827 0.5632173]

1, 84
(2, [1])
[0.38871559 0.61128441]

1, 84
(2, [0])
[0.4367827 0.5632173]

1, 84
(2, [1])
[0.38871559 0.61128441]

1, 84
(2, [0])
[0.4367827 0.5632173]

1, 84
(2, [1])
[0.38871559 0.61128441]

1, 84
(0, [0])
[0.5 0.5]

1, 84
(0, [1])
[0.5 0.5]

1, 84
(0, [0])
[0.5 0.5]

1, 84
(0, [1])
[0.5 0.5]

1, 84
(1, [0])
[1. 0.]

1, 84
(1, [1])
[1. 0.]

0, 84
(0, [])
[0.05305465 0.94694535]

0, 84
(0, [])
[0.05305465 0.94694535]

0, 84
(2, [])
[0.1097891 0.8902109]

0, 84
(1, [])
[0.34899842 0.65100158]

0, 84
(0, [])
[0.05305465 0.94694535]

0, 84
(0, [0, 1])
[1. 0.]

0, 84
(2, [])
[0.1097891 0.8902109]

0, 84
(0, [])
[0.05305465 0.94694535]

0, 84
(2, [])
[0.1097891 0.8902109]

0, 84
(0, [])
[0.05305465 0.94694535]

0, 84
(2, [])
[0.1097891 0.8902109]

1, 85
(0, [0])
[1. 0.]

1, 85
(0, [1])
[1. 0.]

1, 85
(0, [0])
[1. 0.]

1, 85
(0, [1])
[1. 0.]

1, 85
(0, [0])
[1. 0.]

1, 85
(0, [1])
[1. 0.]

1, 85
(1, [0])
[1. 0.]

1, 85
(1, [1])
[1. 0.]

1, 85
(2, [0])
[1. 0.]

1, 85
(2, [1])
[1. 0.]

1, 85
(1, [0])
[1. 0.]

1, 85
(1, [1])
[1. 0.]

1, 85
(0, [0])
[1. 0.]

1, 85
(0, [1])
[1. 0.]

1, 85
(1, [0])
[1. 0.]

1, 85
(1, [1])
[1. 0.]

1, 85
(1, [0])
[1. 0.]

1, 85
(1, [1])
[1. 0.]

1, 85
(2, [0])
[1. 0.]

1, 85
(2, [1])
[1. 0.]

0, 85
(2, [])
[0.28887727 0.71112273]

0, 85
(2, [])
[0.28887727 0.71112273]

0, 85
(1, [])
[0.69496719 0.30503281]

0, 85
(1, [0, 1])
[0.82381651 0.17618349]

0, 85
(0, [])
[0.70157498 0.29842502]

0, 85
(0, [0, 1])
[0.75570934 0.24429066]

0, 85
(0, [])
[0.70157498 0.29842502]

0, 85
(0, [0, 1])
[0.75570934 0.24429066]

0, 85
(1, [])
[0.69496719 0.30503281]

0, 85
(1, [0, 1])
[0.82381651 0.17618349]

0, 85
(1, [])
[0.69496719 0.30503281]

0, 85
(2, [])
[0.28887727 0.71112273]

0, 85
(2, [0, 1])
[0.71416644 0.28583356]

0, 85
(0, [])
[0.70157498 0.29842502]

0, 85
(0, [])
[0.70157498 0.29842502]

0, 85
(0, [0, 1])
[0.75570934 0.24429066]

1, 86
(2, [0])
[0.5 0.5]

1, 86
(2, [1])
[0.5 0.5]

1, 86
(1, [0])
[0.5 0.5]

1, 86
(1, [1])
[1. 0.]

1, 86
(2, [0])
[0.5 0.5]

1, 86
(2, [1])
[0.5 0.5]

1, 86
(2, [0])
[0.5 0.5]

1, 86
(2, [1])
[0.5 0.5]

1, 86
(2, [0])
[0.5 0.5]

1, 86
(2, [1])
[0.5 0.5]

1, 86
(0, [0])
[0. 1.]

1, 86
(0, [1])
[0. 1.]

1, 86
(0, [0])
[0. 1.]

1, 86
(0, [1])
[0. 1.]

1, 86
(1, [0])
[0.5 0.5]

1, 86
(1, [1])
[1. 0.]

1, 86
(0, [0])
[0. 1.]

1, 86
(0, [1])
[0. 1.]

1, 86
(2, [0])
[0.5 0.5]

1, 86
(2, [1])
[0.5 0.5]

0, 86
(2, [])
[0. 1.]

0, 86
(0, [])
[0.29050429 0.70949571]

0, 86
(2, [])
[0. 1.]

0, 86
(1, [])
[0. 1.]

0, 86
(2, [])
[0. 1.]

0, 86
(2, [])
[0. 1.]

0, 86
(1, [])
[0. 1.]

0, 86
(1, [])
[0. 1.]

0, 86
(1, [])
[0. 1.]

0, 86
(2, [])
[0. 1.]

1, 87
(1, [0])
[1. 0.]

1, 87
(1, [1])
[1. 0.]

1, 87
(0, [0])
[1. 0.]

1, 87
(0, [1])
[1. 0.]

1, 87
(2, [0])
[1. 0.]

1, 87
(2, [1])
[1. 0.]

1, 87
(0, [0])
[1. 0.]

1, 87
(0, [1])
[1. 0.]

1, 87
(2, [0])
[1. 0.]

1, 87
(2, [1])
[1. 0.]

1, 87
(0, [0])
[1. 0.]

1, 87
(0, [1])
[1. 0.]

1, 87
(2, [0])
[1. 0.]

1, 87
(2, [1])
[1. 0.]

1, 87
(2, [0])
[1. 0.]

1, 87
(2, [1])
[1. 0.]

1, 87
(2, [0])
[1. 0.]

1, 87
(2, [1])
[1. 0.]

1, 87
(0, [0])
[1. 0.]

1, 87
(0, [1])
[1. 0.]

0, 87
(0, [])
[0.5 0.5]

0, 87
(0, [0, 1])
[0. 1.]

0, 87
(0, [])
[0.5 0.5]

0, 87
(0, [0, 1])
[0. 1.]

0, 87
(1, [])
[0.65894334 0.34105666]

0, 87
(2, [])
[0.70788214 0.29211786]

0, 87
(2, [0, 1])
[0.52818278 0.47181722]

0, 87
(1, [])
[0.65894334 0.34105666]

0, 87
(1, [0, 1])
[0.31428003 0.68571997]

0, 87
(1, [])
[0.65894334 0.34105666]

0, 87
(1, [0, 1])
[0.31428003 0.68571997]

0, 87
(0, [])
[0.5 0.5]

0, 87
(2, [])
[0.70788214 0.29211786]

0, 87
(2, [0, 1])
[0.52818278 0.47181722]

0, 87
(0, [])
[0.5 0.5]

0, 87
(2, [])
[0.70788214 0.29211786]

0, 87
(2, [0, 1])
[0.52818278 0.47181722]

1, 88
(2, [0])
[1. 0.]

1, 88
(2, [1])
[1. 0.]

1, 88
(0, [0])
[1. 0.]

1, 88
(0, [1])
[1. 0.]

1, 88
(2, [0])
[1. 0.]

1, 88
(2, [1])
[1. 0.]

1, 88
(0, [0])
[1. 0.]

1, 88
(0, [1])
[1. 0.]

1, 88
(2, [0])
[1. 0.]

1, 88
(2, [1])
[1. 0.]

1, 88
(1, [0])
[1. 0.]

1, 88
(1, [1])
[1. 0.]

1, 88
(2, [0])
[1. 0.]

1, 88
(2, [1])
[1. 0.]

1, 88
(2, [0])
[1. 0.]

1, 88
(2, [1])
[1. 0.]

1, 88
(1, [0])
[1. 0.]

1, 88
(1, [1])
[1. 0.]

1, 88
(1, [0])
[1. 0.]

1, 88
(1, [1])
[1. 0.]

0, 88
(1, [])
[0. 1.]

0, 88
(1, [])
[0. 1.]

0, 88
(2, [])
[0. 1.]

0, 88
(0, [])
[0. 1.]

0, 88
(1, [])
[0. 1.]

0, 88
(0, [])
[0. 1.]

0, 88
(2, [])
[0. 1.]

0, 88
(2, [])
[0. 1.]

0, 88
(2, [])
[0. 1.]

0, 88
(2, [])
[0. 1.]

1, 89
(2, [0])
[0.5 0.5]

1, 89
(2, [1])
[0.5 0.5]

1, 89
(2, [0])
[0.5 0.5]

1, 89
(2, [1])
[0.5 0.5]

1, 89
(0, [0])
[1. 0.]

1, 89
(0, [1])
[1. 0.]

1, 89
(0, [0])
[1. 0.]

1, 89
(0, [1])
[1. 0.]

1, 89
(0, [0])
[1. 0.]

1, 89
(0, [1])
[1. 0.]

1, 89
(1, [0])
[0.5 0.5]

1, 89
(1, [1])
[0.5 0.5]

1, 89
(1, [0])
[0.5 0.5]

1, 89
(1, [1])
[0.5 0.5]

1, 89
(2, [0])
[0.5 0.5]

1, 89
(2, [1])
[0.5 0.5]

1, 89
(2, [0])
[0.5 0.5]

1, 89
(2, [1])
[0.5 0.5]

1, 89
(2, [0])
[0.5 0.5]

1, 89
(2, [1])
[0.5 0.5]

0, 89
(2, [])
[0.46512346 0.53487654]

0, 89
(2, [0, 1])
[0.51092432 0.48907568]

0, 89
(2, [])
[0.46512346 0.53487654]

0, 89
(1, [])
[0.50323673 0.49676327]

0, 89
(1, [0, 1])
[0.54702147 0.45297853]

0, 89
(0, [])
[0.54730139 0.45269861]

0, 89
(0, [0, 1])
[0.58324638 0.41675362]

0, 89
(2, [])
[0.46512346 0.53487654]

0, 89
(2, [])
[0.46512346 0.53487654]

0, 89
(2, [0, 1])
[0.51092432 0.48907568]

0, 89
(0, [])
[0.54730139 0.45269861]

0, 89
(1, [])
[0.50323673 0.49676327]

0, 89
(2, [])
[0.46512346 0.53487654]

0, 89
(2, [0, 1])
[0.51092432 0.48907568]

0, 89
(2, [])
[0.46512346 0.53487654]

0, 89
(2, [0, 1])
[0.51092432 0.48907568]

1, 90
(2, [0])
[0.5 0.5]

1, 90
(2, [1])
[0. 1.]

1, 90
(0, [0])
[0.5 0.5]

1, 90
(0, [1])
[0.5 0.5]

1, 90
(2, [0])
[0.5 0.5]

1, 90
(2, [1])
[0. 1.]

1, 90
(0, [0])
[0.5 0.5]

1, 90
(0, [1])
[0.5 0.5]

1, 90
(1, [0])
[0.5 0.5]

1, 90
(1, [1])
[0.5 0.5]

1, 90
(2, [0])
[0.5 0.5]

1, 90
(2, [1])
[0. 1.]

1, 90
(2, [0])
[0.5 0.5]

1, 90
(2, [1])
[0. 1.]

1, 90
(1, [0])
[0.5 0.5]

1, 90
(1, [1])
[0.5 0.5]

1, 90
(0, [0])
[0.5 0.5]

1, 90
(0, [1])
[0.5 0.5]

1, 90
(1, [0])
[0.5 0.5]

1, 90
(1, [1])
[0.5 0.5]

0, 90
(0, [])
[0. 1.]

0, 90
(2, [])
[0. 1.]

0, 90
(0, [])
[0. 1.]

0, 90
(1, [])
[0. 1.]

0, 90
(0, [])
[0. 1.]

0, 90
(2, [])
[0. 1.]

0, 90
(1, [])
[0. 1.]

0, 90
(1, [])
[0. 1.]

0, 90
(0, [])
[0. 1.]

0, 90
(1, [])
[0. 1.]

1, 91
(1, [0])
[0.57274359 0.42725641]

1, 91
(1, [1])
[0.53539586 0.46460414]

1, 91
(0, [0])
[0.50449819 0.49550181]

1, 91
(0, [1])
[0.45185986 0.54814014]

1, 91
(0, [0])
[0.50449819 0.49550181]

1, 91
(0, [1])
[0.45185986 0.54814014]

1, 91
(1, [0])
[0.57274359 0.42725641]

1, 91
(1, [1])
[0.53539586 0.46460414]

1, 91
(1, [0])
[0.57274359 0.42725641]

1, 91
(1, [1])
[0.53539586 0.46460414]

1, 91
(0, [0])
[0.50449819 0.49550181]

1, 91
(0, [1])
[0.45185986 0.54814014]

1, 91
(0, [0])
[0.50449819 0.49550181]

1, 91
(0, [1])
[0.45185986 0.54814014]

1, 91
(1, [0])
[0.57274359 0.42725641]

1, 91
(1, [1])
[0.53539586 0.46460414]

1, 91
(0, [0])
[0.50449819 0.49550181]

1, 91
(0, [1])
[0.45185986 0.54814014]

1, 91
(0, [0])
[0.50449819 0.49550181]

1, 91
(0, [1])
[0.45185986 0.54814014]

0, 91
(0, [])
[1. 0.]

0, 91
(0, [0, 1])
[1. 0.]

0, 91
(1, [])
[0.5 0.5]

0, 91
(1, [0, 1])
[1. 0.]

0, 91
(2, [])
[0. 1.]

0, 91
(2, [])
[0. 1.]

0, 91
(2, [])
[0. 1.]

0, 91
(0, [])
[1. 0.]

0, 91
(0, [0, 1])
[1. 0.]

0, 91
(0, [])
[1. 0.]

0, 91
(0, [0, 1])
[1. 0.]

0, 91
(0, [])
[1. 0.]

0, 91
(0, [0, 1])
[1. 0.]

0, 91
(2, [])
[0. 1.]

0, 91
(0, [])
[1. 0.]

0, 91
(0, [0, 1])
[1. 0.]

1, 92
(0, [0])
[1. 0.]

1, 92
(0, [1])
[1. 0.]

1, 92
(2, [0])
[0.5 0.5]

1, 92
(2, [1])
[0.5 0.5]

1, 92
(2, [0])
[0.5 0.5]

1, 92
(2, [1])
[0.5 0.5]

1, 92
(0, [0])
[1. 0.]

1, 92
(0, [1])
[1. 0.]

1, 92
(1, [0])
[1. 0.]

1, 92
(1, [1])
[0.5 0.5]

1, 92
(1, [0])
[1. 0.]

1, 92
(1, [1])
[0.5 0.5]

1, 92
(1, [0])
[1. 0.]

1, 92
(1, [1])
[0.5 0.5]

1, 92
(2, [0])
[0.5 0.5]

1, 92
(2, [1])
[0.5 0.5]

1, 92
(0, [0])
[1. 0.]

1, 92
(0, [1])
[1. 0.]

1, 92
(0, [0])
[1. 0.]

1, 92
(0, [1])
[1. 0.]

0, 92
(0, [])
[1. 0.]

0, 92
(0, [0, 1])
[1. 0.]

0, 92
(1, [])
[1. 0.]

0, 92
(1, [0, 1])
[1. 0.]

0, 92
(2, [])
[1. 0.]

0, 92
(2, [0, 1])
[1. 0.]

0, 92
(2, [])
[1. 0.]

0, 92
(2, [0, 1])
[1. 0.]

0, 92
(0, [])
[1. 0.]

0, 92
(0, [0, 1])
[1. 0.]

0, 92
(2, [])
[1. 0.]

0, 92
(2, [0, 1])
[1. 0.]

0, 92
(2, [])
[1. 0.]

0, 92
(2, [0, 1])
[1. 0.]

0, 92
(2, [])
[1. 0.]

0, 92
(2, [0, 1])
[1. 0.]

0, 92
(0, [])
[1. 0.]

0, 92
(0, [0, 1])
[1. 0.]

0, 92
(1, [])
[1. 0.]

0, 92
(1, [0, 1])
[1. 0.]

1, 93
(1, [0])
[0.5 0.5]

1, 93
(1, [1])
[0.5 0.5]

1, 93
(0, [0])
[1. 0.]

1, 93
(0, [1])
[1. 0.]

1, 93
(0, [0])
[1. 0.]

1, 93
(0, [1])
[1. 0.]

1, 93
(1, [0])
[0.5 0.5]

1, 93
(1, [1])
[0.5 0.5]

1, 93
(0, [0])
[1. 0.]

1, 93
(0, [1])
[1. 0.]

1, 93
(1, [0])
[0.5 0.5]

1, 93
(1, [1])
[0.5 0.5]

1, 93
(0, [0])
[1. 0.]

1, 93
(0, [1])
[1. 0.]

1, 93
(2, [0])
[0.5 0.5]

1, 93
(2, [1])
[0.5 0.5]

1, 93
(0, [0])
[1. 0.]

1, 93
(0, [1])
[1. 0.]

1, 93
(1, [0])
[0.5 0.5]

1, 93
(1, [1])
[0.5 0.5]

0, 93
(0, [])
[1. 0.]

0, 93
(0, [0, 1])
[1. 0.]

0, 93
(2, [])
[1. 0.]

0, 93
(2, [0, 1])
[1. 0.]

0, 93
(1, [])
[1. 0.]

0, 93
(1, [0, 1])
[1. 0.]

0, 93
(0, [])
[1. 0.]

0, 93
(0, [0, 1])
[1. 0.]

0, 93
(0, [])
[1. 0.]

0, 93
(0, [0, 1])
[1. 0.]

0, 93
(0, [])
[1. 0.]

0, 93
(0, [0, 1])
[1. 0.]

0, 93
(1, [])
[1. 0.]

0, 93
(1, [0, 1])
[1. 0.]

0, 93
(2, [])
[1. 0.]

0, 93
(2, [0, 1])
[1. 0.]

0, 93
(0, [])
[1. 0.]

0, 93
(0, [0, 1])
[1. 0.]

0, 93
(1, [])
[1. 0.]

0, 93
(1, [0, 1])
[1. 0.]

1, 94
(2, [0])
[0.77544312 0.22455688]

1, 94
(2, [1])
[0.7746412 0.2253588]

1, 94
(1, [0])
[0.85782425 0.14217575]

1, 94
(1, [1])
[0.85676636 0.14323364]

1, 94
(2, [0])
[0.77544312 0.22455688]

1, 94
(2, [1])
[0.7746412 0.2253588]

1, 94
(1, [0])
[0.85782425 0.14217575]

1, 94
(1, [1])
[0.85676636 0.14323364]

1, 94
(1, [0])
[0.85782425 0.14217575]

1, 94
(1, [1])
[0.85676636 0.14323364]

1, 94
(1, [0])
[0.85782425 0.14217575]

1, 94
(1, [1])
[0.85676636 0.14323364]

1, 94
(1, [0])
[0.85782425 0.14217575]

1, 94
(1, [1])
[0.85676636 0.14323364]

1, 94
(2, [0])
[0.77544312 0.22455688]

1, 94
(2, [1])
[0.7746412 0.2253588]

1, 94
(0, [0])
[1. 0.]

1, 94
(0, [1])
[1. 0.]

1, 94
(0, [0])
[1. 0.]

1, 94
(0, [1])
[1. 0.]

0, 94
(2, [])
[0. 1.]

0, 94
(1, [])
[0. 1.]

0, 94
(1, [])
[0. 1.]

0, 94
(0, [])
[0. 1.]

0, 94
(0, [])
[0. 1.]

0, 94
(2, [])
[0. 1.]

0, 94
(2, [])
[0. 1.]

0, 94
(2, [])
[0. 1.]

0, 94
(1, [])
[0. 1.]

0, 94
(0, [])
[0. 1.]

1, 95
(2, [0])
[0. 1.]

1, 95
(2, [1])
[0. 1.]

1, 95
(0, [0])
[0. 1.]

1, 95
(0, [1])
[0. 1.]

1, 95
(0, [0])
[0. 1.]

1, 95
(0, [1])
[0. 1.]

1, 95
(2, [0])
[0. 1.]

1, 95
(2, [1])
[0. 1.]

1, 95
(0, [0])
[0. 1.]

1, 95
(0, [1])
[0. 1.]

1, 95
(1, [0])
[0. 1.]

1, 95
(1, [1])
[0. 1.]

1, 95
(2, [0])
[0. 1.]

1, 95
(2, [1])
[0. 1.]

1, 95
(1, [0])
[0. 1.]

1, 95
(1, [1])
[0. 1.]

1, 95
(1, [0])
[0. 1.]

1, 95
(1, [1])
[0. 1.]

1, 95
(2, [0])
[0. 1.]

1, 95
(2, [1])
[0. 1.]

0, 95
(1, [])
[0. 1.]

0, 95
(1, [])
[0. 1.]

0, 95
(0, [])
[0. 1.]

0, 95
(1, [])
[0. 1.]

0, 95
(1, [])
[0. 1.]

0, 95
(0, [])
[0. 1.]

0, 95
(1, [])
[0. 1.]

0, 95
(2, [])
[0. 1.]

0, 95
(0, [])
[0. 1.]

0, 95
(1, [])
[0. 1.]

1, 96
(2, [0])
[0.5 0.5]

1, 96
(2, [1])
[0.5 0.5]

1, 96
(1, [0])
[0.5 0.5]

1, 96
(1, [1])
[0.5 0.5]

1, 96
(0, [0])
[0.5 0.5]

1, 96
(0, [1])
[0.5 0.5]

1, 96
(2, [0])
[0.5 0.5]

1, 96
(2, [1])
[0.5 0.5]

1, 96
(1, [0])
[0.5 0.5]

1, 96
(1, [1])
[0.5 0.5]

1, 96
(0, [0])
[0.5 0.5]

1, 96
(0, [1])
[0.5 0.5]

1, 96
(0, [0])
[0.5 0.5]

1, 96
(0, [1])
[0.5 0.5]

1, 96
(0, [0])
[0.5 0.5]

1, 96
(0, [1])
[0.5 0.5]

1, 96
(0, [0])
[0.5 0.5]

1, 96
(0, [1])
[0.5 0.5]

1, 96
(2, [0])
[0.5 0.5]

1, 96
(2, [1])
[0.5 0.5]

0, 96
(2, [])
[0. 1.]

0, 96
(1, [])
[0. 1.]

0, 96
(2, [])
[0. 1.]

0, 96
(1, [])
[0. 1.]

0, 96
(1, [])
[0. 1.]

0, 96
(2, [])
[0. 1.]

0, 96
(0, [])
[0. 1.]

0, 96
(0, [])
[0. 1.]

0, 96
(2, [])
[0. 1.]

0, 96
(1, [])
[0. 1.]

1, 97
(1, [0])
[0. 1.]

1, 97
(1, [1])
[0. 1.]

1, 97
(0, [0])
[0. 1.]

1, 97
(0, [1])
[0. 1.]

1, 97
(0, [0])
[0. 1.]

1, 97
(0, [1])
[0. 1.]

1, 97
(0, [0])
[0. 1.]

1, 97
(0, [1])
[0. 1.]

1, 97
(0, [0])
[0. 1.]

1, 97
(0, [1])
[0. 1.]

1, 97
(2, [0])
[0. 1.]

1, 97
(2, [1])
[0. 1.]

1, 97
(0, [0])
[0. 1.]

1, 97
(0, [1])
[0. 1.]

1, 97
(2, [0])
[0. 1.]

1, 97
(2, [1])
[0. 1.]

1, 97
(1, [0])
[0. 1.]

1, 97
(1, [1])
[0. 1.]

1, 97
(2, [0])
[0. 1.]

1, 97
(2, [1])
[0. 1.]

0, 97
(1, [])
[0.51080895 0.48919105]

0, 97
(1, [0, 1])
[0.51646619 0.48353381]

0, 97
(2, [])
[0.5726982 0.4273018]

0, 97
(2, [0, 1])
[0.56793721 0.43206279]

0, 97
(1, [])
[0.51080895 0.48919105]

0, 97
(1, [0, 1])
[0.51646619 0.48353381]

0, 97
(0, [])
[0.50952957 0.49047043]

0, 97
(2, [])
[0.5726982 0.4273018]

0, 97
(2, [0, 1])
[0.56793721 0.43206279]

0, 97
(1, [])
[0.51080895 0.48919105]

0, 97
(1, [0, 1])
[0.51646619 0.48353381]

0, 97
(0, [])
[0.50952957 0.49047043]

0, 97
(0, [0, 1])
[0.48247525 0.51752475]

0, 97
(0, [])
[0.50952957 0.49047043]

0, 97
(0, [0, 1])
[0.48247525 0.51752475]

0, 97
(2, [])
[0.5726982 0.4273018]

0, 97
(2, [0, 1])
[0.56793721 0.43206279]

0, 97
(1, [])
[0.51080895 0.48919105]

0, 97
(1, [0, 1])
[0.51646619 0.48353381]

1, 98
(1, [0])
[0.5 0.5]

1, 98
(1, [1])
[0.5 0.5]

1, 98
(2, [0])
[0.5 0.5]

1, 98
(2, [1])
[0.5 0.5]

1, 98
(1, [0])
[0.5 0.5]

1, 98
(1, [1])
[0.5 0.5]

1, 98
(1, [0])
[0.5 0.5]

1, 98
(1, [1])
[0.5 0.5]

1, 98
(0, [0])
[0.5 0.5]

1, 98
(0, [1])
[0.5 0.5]

1, 98
(0, [0])
[0.5 0.5]

1, 98
(0, [1])
[0.5 0.5]

1, 98
(0, [0])
[0.5 0.5]

1, 98
(0, [1])
[0.5 0.5]

1, 98
(0, [0])
[0.5 0.5]

1, 98
(0, [1])
[0.5 0.5]

1, 98
(1, [0])
[0.5 0.5]

1, 98
(1, [1])
[0.5 0.5]

1, 98
(1, [0])
[0.5 0.5]

1, 98
(1, [1])
[0.5 0.5]

0, 98
(2, [])
[0. 1.]

0, 98
(0, [])
[0.5 0.5]

0, 98
(1, [])
[0.5 0.5]

0, 98
(1, [0, 1])
[1. 0.]

0, 98
(1, [])
[0.5 0.5]

0, 98
(1, [0, 1])
[1. 0.]

0, 98
(1, [])
[0.5 0.5]

0, 98
(1, [0, 1])
[1. 0.]

0, 98
(2, [])
[0. 1.]

0, 98
(2, [])
[0. 1.]

0, 98
(2, [])
[0. 1.]

0, 98
(2, [])
[0. 1.]

0, 98
(1, [])
[0.5 0.5]

0, 98
(1, [0, 1])
[1. 0.]

1, 99
(2, [0])
[0.78234999 0.21765001]

1, 99
(2, [1])
[0.76768928 0.23231072]

1, 99
(2, [0])
[0.78234999 0.21765001]

1, 99
(2, [1])
[0.76768928 0.23231072]

1, 99
(0, [0])
[0.94693283 0.05306717]

1, 99
(0, [1])
[0.94343258 0.05656742]

1, 99
(0, [0])
[0.94693283 0.05306717]

1, 99
(0, [1])
[0.94343258 0.05656742]

1, 99
(0, [0])
[0.94693283 0.05306717]

1, 99
(0, [1])
[0.94343258 0.05656742]

1, 99
(0, [0])
[0.94693283 0.05306717]

1, 99
(0, [1])
[0.94343258 0.05656742]

1, 99
(1, [0])
[0.92165215 0.07834785]

1, 99
(1, [1])
[0.89220419 0.10779581]

1, 99
(0, [0])
[0.94693283 0.05306717]

1, 99
(0, [1])
[0.94343258 0.05656742]

1, 99
(0, [0])
[0.94693283 0.05306717]

1, 99
(0, [1])
[0.94343258 0.05656742]

1, 99
(2, [0])
[0.78234999 0.21765001]

1, 99
(2, [1])
[0.76768928 0.23231072]

0, 99
(1, [])
[0.5 0.5]

0, 99
(1, [0, 1])
[0.5 0.5]

0, 99
(1, [])
[0.5 0.5]

0, 99
(0, [])
[0.5 0.5]

0, 99
(0, [0, 1])
[0.5 0.5]

0, 99
(2, [])
[0.5 0.5]

0, 99
(2, [0, 1])
[0.5 0.5]

0, 99
(0, [])
[0.5 0.5]

0, 99
(0, [0, 1])
[0.5 0.5]

0, 99
(1, [])
[0.5 0.5]

0, 99
(0, [])
[0.5 0.5]

0, 99
(2, [])
[0.5 0.5]

0, 99
(2, [0, 1])
[0.5 0.5]

0, 99
(2, [])
[0.5 0.5]

0, 99
(2, [0, 1])
[0.5 0.5]

0, 99
(0, [])
[0.5 0.5]

1, 100
(0, [0])
[1. 0.]

1, 100
(0, [1])
[1. 0.]

1, 100
(1, [0])
[1. 0.]

1, 100
(1, [1])
[1. 0.]

1, 100
(2, [0])
[1. 0.]

1, 100
(2, [1])
[1. 0.]

1, 100
(2, [0])
[1. 0.]

1, 100
(2, [1])
[1. 0.]

1, 100
(0, [0])
[1. 0.]

1, 100
(0, [1])
[1. 0.]

1, 100
(2, [0])
[1. 0.]

1, 100
(2, [1])
[1. 0.]

1, 100
(1, [0])
[1. 0.]

1, 100
(1, [1])
[1. 0.]

1, 100
(0, [0])
[1. 0.]

1, 100
(0, [1])
[1. 0.]

1, 100
(2, [0])
[1. 0.]

1, 100
(2, [1])
[1. 0.]

1, 100
(0, [0])
[1. 0.]

1, 100
(0, [1])
[1. 0.]

0, 100
(0, [])
[0.5 0.5]

0, 100
(1, [])
[0.5 0.5]

0, 100
(1, [0, 1])
[0.5 0.5]

0, 100
(2, [])
[0.5 0.5]

0, 100
(2, [0, 1])
[0.5 0.5]

0, 100
(1, [])
[0.5 0.5]

0, 100
(1, [0, 1])
[0.5 0.5]

0, 100
(1, [])
[0.5 0.5]

0, 100
(1, [0, 1])
[0.5 0.5]

0, 100
(0, [])
[0.5 0.5]

0, 100
(2, [])
[0.5 0.5]

0, 100
(2, [0, 1])
[0.5 0.5]

0, 100
(2, [])
[0.5 0.5]

0, 100
(1, [])
[0.5 0.5]

0, 100
(1, [0, 1])
[0.5 0.5]

0, 100
(0, [])
[0.5 0.5]

